 1 6 8 10 13 15 16 18 20 23 25 26 27 28 32 37 47 58 78 106 2249 2258 2288 2289 2308 2309 2328 2458 2460 2528 2542
 1 6 10 11 13 15 16 20 21 23 25 26 27 29 31 33 38 106 2254 2288 2304 2308 2324 2328 2458 2482 2528 2542
 1 6 10 13 15 16 20 23 25 26 27 29 30 106 2288 2291 2308 2311 2328 2458 2464 2528 2542
 1 6 10 13 15 16 20 23 26 28 37 39 46 78 83 106 2289 2292 2308 2309 2324 2458 2460 2482 2542
 1 6 10 13 15 16 20 23 37 39 45 78 83 90 106 2308 2311 2458 2464 2542
 1 6 10 13 15 16 20 29 32 37 57 78 99 106 2311 2324 2464 2482 2542
 1 6 10 13 16 20 23 37 39 45 106 2458 2464 2482
 1 6 10 13 16 20 22 29 37 39 45 50 57 106 2255 2295 2327 2334 2458 2464
 1 6 10 13 16 20 37 39 45 57 106 2458 2464 2482
 1 6 10 23 29 32 37 39 45 57 77 106 2464 2482
 1 6 10 23 29 32 37 39 45 57 106 2464 2482 2528
 1 6 10 23 29 32 37 39 45 77 106 2464 2482 2528
 1 2 8 12 24 36 40 46 80 2249 2255 2292 2305 2532
