 1 6 10 13 15 16 20 23 106 2542
 1 6 10 13 15 16 20 26 106 2542
 1 6 10 13 15 16 20 29 106 2542
 1 6 10 13 15 16 20 37 78 106 2542
 1 6 10 13 15 16 20 39 83 106 2542
 1 6 10 13 15 16 20 57 99 106 2542
 1 6 10 13 15 16 37 39 78 83 106 2542
 1 6 10 13 15 16 37 78 106 2311 2464 2542
 1 6 10 13 15 37 39 45 78 83 90 106 2542
 1 6 10 13 16 20 23 26 106
 1 6 10 13 16 20 23 37 106
 1 6 10 13 16 20 26 37 106
 1 6 10 13 16 20 26 39 106
 1 6 10 13 16 20 29 32 106
 1 6 10 13 16 20 29 37 106
 1 6 10 13 16 20 29 45 106
 1 6 10 13 16 20 37 39 106
 1 6 10 13 16 20 37 57 106
 1 6 10 13 16 20 37 58 106 2528
 1 6 10 13 16 20 37 106 2458
 1 6 10 13 16 20 37 106 2464
 1 6 10 13 16 20 39 45 106
 1 6 10 13 16 20 39 57 106
 1 6 10 13 16 20 39 106 2464
 1 6 10 13 16 20 39 106 2482
 1 6 10 13 16 20 39 106 2528
 1 6 10 13 16 18 32 37 106 2249 2458
 1 6 10 13 16 32 37 39 106
 1 6 10 13 16 32 37 45 106
 1 6 10 13 16 32 37 106 2464
 1 6 10 13 16 32 37 106 2482
 1 6 10 13 16 37 39 45 106
 1 6 10 13 16 37 39 106 2458
 1 6 10 13 16 37 39 106 2482
 1 6 10 13 16 37 45 57 106
 1 6 10 13 16 37 45 106 2458
 1 6 10 13 16 37 45 106 2464
 1 6 10 13 16 37 45 106 2482
 1 6 10 13 16 37 45 106 2528
 1 6 10 13 16 37 106 2304 2482 2528
 1 6 10 13 37 39 45 57 106
 1 6 10 13 37 39 45 106 2458
 1 6 10 13 37 39 45 106 2528
 1 6 10 13 37 39 106 2458 2464
 1 6 10 13 37 39 106 2458 2482
 1 6 10 13 37 39 106 2482 2528
 1 6 10 16 20 26 37 40 106 2464
 1 6 10 16 20 26 37 106 2458 2460
 1 6 10 16 20 26 39 45 106
 1 6 10 16 20 26 39 106 2482
 1 6 10 16 20 29 32 37 106
 1 6 10 16 20 29 32 39 106
 1 6 10 16 20 29 32 57 106
 1 6 10 16 20 29 37 39 106
 1 6 10 16 20 29 37 45 106
 1 6 10 16 20 29 37 57 106
 1 6 10 16 20 29 37 58 106 2528
 1 6 10 16 20 29 37 106 2255 2458
 1 6 10 16 20 29 37 106 2464
 1 6 10 16 20 29 37 106 2482
 1 6 10 16 20 29 39 45 106
 1 6 10 16 20 29 39 51 106 2482
 1 6 10 16 20 29 39 57 106
 1 6 10 16 20 29 39 106 2528
 1 6 10 16 20 29 45 57 106
 1 6 10 16 20 29 45 106 2528
 1 6 10 16 20 29 57 77 106
 1 6 10 16 20 29 57 106 2542
 1 6 10 16 20 37 39 45 106
 1 6 10 16 20 37 39 57 106
 1 6 10 16 20 37 39 58 106 2528
 1 6 10 16 20 37 39 106 2458
 1 6 10 16 20 37 39 106 2482
 1 6 10 16 20 37 57 77 106
 1 6 10 16 20 37 57 78 106 2542
 1 6 10 16 20 37 57 106 2458
 1 6 10 16 20 37 57 106 2464
 1 6 10 16 20 37 58 106 2291 2464 2528
 1 6 10 16 20 37 106 2464 2482
 1 6 10 16 20 39 45 106 2528
 1 6 10 16 20 39 57 106 2482
 1 6 8 10 16 23 32 37 106 2249 2458
 1 6 10 16 23 32 37 39 106
 1 6 10 16 23 32 37 45 106
 1 6 10 16 23 32 37 57 106
 1 6 10 16 23 32 37 77 106
 1 6 10 16 23 32 37 78 106 2542
 1 6 10 16 23 32 37 106 2464
 1 6 10 16 23 32 37 106 2482
 1 6 10 16 23 32 37 106 2528
 1 6 10 16 23 32 45 106 2528
 1 6 10 16 23 32 57 106 2542
 1 6 10 16 23 37 39 45 106
 1 6 10 16 23 37 39 57 106
 1 6 10 16 23 37 39 63 106 2528
 1 6 10 16 23 37 39 106 2458
 1 6 10 16 23 37 39 106 2482
 1 6 10 16 23 37 45 78 106 2542
 1 6 10 16 23 37 45 106 2458
 1 6 10 16 23 37 45 106 2464
 1 6 10 16 23 37 45 106 2528
 1 6 10 16 23 37 57 78 106 2428 2542
 1 6 10 16 23 37 57 106 2458
 1 6 10 16 23 37 57 106 2464
 1 6 10 16 23 37 77 106 2458
 1 6 10 16 23 37 77 106 2464
 1 6 10 16 23 37 77 106 2482
 1 6 10 16 23 37 77 106 2528
 1 6 10 16 19 32 37 39 106 2251 2464
 1 6 10 16 32 37 39 45 106
 1 6 10 16 32 37 39 78 106 2371 2542
 1 6 10 16 32 37 39 106 2335 2482
 1 6 10 16 32 37 45 106 2464
 1 6 10 16 32 37 77 106 2464
 1 6 10 16 32 37 78 106 2311 2464 2542
 1 6 10 16 32 37 106 2464 2482
 1 6 10 16 37 39 45 106 2458
 1 6 10 16 37 39 45 106 2464
 1 6 10 16 37 39 77 106 2458
 1 6 10 16 37 39 77 106 2464
 1 6 10 16 37 39 78 106 2311 2464 2542
 1 6 10 16 37 39 106 2458 2464
 1 6 10 16 37 39 106 2464 2482
 1 6 10 23 29 32 37 39 106
 1 6 10 23 29 32 37 77 106
 1 6 10 23 29 32 37 78 106 2542
 1 6 10 23 29 32 37 106 2464
 1 6 10 23 29 32 39 45 106
 1 6 10 23 29 32 39 106 2464
 1 6 10 23 29 32 39 106 2482
 1 6 10 12 23 29 37 39 106 2458
 1 6 10 12 23 29 37 77 106 2458
 1 6 10 23 29 37 39 45 106
 1 6 10 23 29 37 39 77 106
 1 6 10 23 29 37 39 78 106 2542
 1 6 10 23 29 37 39 106 2464
 1 6 10 23 29 37 39 106 2482
 1 6 10 23 29 37 45 57 106
 1 6 10 23 29 37 45 77 106
 1 6 10 23 29 37 45 106 2464
 1 6 10 23 29 37 45 106 2482
 1 6 10 23 29 37 45 106 2528
 1 6 10 23 29 37 77 106 2464
 1 6 10 23 29 37 77 106 2482
 1 6 10 23 29 37 106 2464 2482
 1 6 10 23 29 37 106 2482 2528
 1 6 10 23 29 39 45 57 106
 1 6 10 23 29 39 45 77 106
 1 6 10 23 29 39 45 106 2464
 1 6 10 23 29 39 45 106 2482
 1 6 10 23 29 39 45 106 2528
 1 6 10 23 29 39 45 106 2542
 1 6 10 23 29 39 77 106 2464
 1 6 10 23 29 39 77 106 2482
 1 6 10 23 29 39 106 2324 2482 2542
 1 6 10 23 29 39 106 2482 2528
 1 6 10 23 29 45 57 77 106
 1 6 10 23 29 45 57 106 2482
 1 6 10 23 29 45 57 106 2542
 1 6 10 23 29 45 77 106 2482
 1 6 10 23 29 45 77 106 2528
 1 6 10 23 37 39 45 57 106
 1 6 10 23 37 39 45 77 106
 1 6 10 23 37 39 45 78 106 2542
 1 6 10 23 37 39 45 106 2458
 1 6 10 23 37 39 45 106 2464
 1 6 10 23 37 39 45 106 2528
 1 6 10 23 37 39 57 77 106
 1 6 10 23 37 39 57 106 2464
 1 6 10 23 37 39 57 106 2482
 1 6 10 23 37 39 57 106 2528
 1 6 10 23 37 39 77 106 2464
 1 6 10 23 37 39 77 106 2482
 1 6 10 23 37 39 77 106 2528
 1 6 10 23 37 39 106 2458 2482
 1 6 10 23 37 39 106 2464 2482
 1 6 10 23 37 39 106 2464 2528
 1 6 10 23 37 39 106 2482 2528
 1 6 10 23 37 57 77 106 2528
 1 6 10 23 37 57 106 2464 2482
 1 6 10 23 37 57 106 2464 2528
 1 6 10 23 37 77 106 2464 2482
 1 6 10 23 37 77 106 2464 2528
 1 6 10 23 37 106 2464 2482 2528
 1 6 10 23 39 45 57 77 106
 1 6 10 23 39 45 57 106 2464
 1 6 10 23 39 45 57 106 2528
 1 6 10 23 39 45 57 106 2542
 1 6 10 23 39 45 77 106 2464
 1 6 10 23 39 45 77 106 2528
 1 6 10 23 39 45 106 2311 2464 2542
 1 6 10 23 39 45 106 2464 2482
 1 6 10 23 39 45 106 2464 2528
 1 6 10 23 39 57 106 2311 2464 2542
 1 6 10 23 39 57 106 2464 2528
 1 6 10 23 39 57 106 2482 2528
 1 6 10 37 39 45 57 77 106
 1 6 10 37 39 45 57 78 106 2542
 1 6 10 37 39 45 57 106 2458
 1 6 10 37 39 45 57 106 2464
 1 6 10 37 39 45 78 106 2458 2542
 1 6 10 37 39 45 106 2458 2464
 1 6 10 37 39 45 106 2458 2528
 1 6 10 37 39 45 106 2464 2482
 1 6 10 37 39 45 106 2464 2528
 1 6 10 37 39 106 2464 2482 2528
 1 6 10 37 77 106 2464 2482 2528
 1 6 10 39 45 57 106 2464 2482
 1 6 20 26 37 39 45 57 106
 1 6 20 26 37 39 45 106 2458
 1 6 20 26 37 39 45 106 2464
 1 6 20 26 37 39 45 106 2528
 1 6 20 26 37 39 77 106 2458
 1 6 20 26 37 39 77 106 2464
 1 6 20 26 37 39 77 106 2482
 1 6 20 26 37 39 106 2458 2464
 1 6 20 26 37 39 106 2458 2482
 1 6 20 26 37 39 106 2458 2542
 1 6 20 26 37 39 106 2257 2464 2482
 1 6 20 26 37 39 106 2464 2542
 1 6 20 26 37 39 106 2482 2528
 1 6 20 26 37 106 2257 2291 2464 2482 2528
 1 6 20 26 39 45 57 77 106
 1 6 20 26 39 45 57 106 2464
 1 6 20 26 39 45 57 106 2482
 1 6 20 26 39 45 57 106 2542
 1 6 20 26 39 45 106 2257 2464 2482
 1 6 20 26 39 45 106 2291 2464 2528
 1 6 20 26 39 45 106 2464 2542
 1 6 20 26 39 45 106 2328 2528 2542
 1 6 20 26 39 77 106 2464 2542
 1 6 20 26 39 77 106 2482 2528
 1 3 6 20 29 32 37 39 106 2458
 1 3 6 20 29 32 37 57 106 2458
 1 6 20 29 32 37 39 45 106
 1 6 20 29 32 37 39 77 106
 1 6 20 29 32 37 57 106 2464
 1 6 20 29 32 37 57 106 2482
 1 6 20 29 37 39 45 57 106
 1 6 20 29 37 39 45 68 106 2482
 1 6 20 29 37 39 45 77 106
 1 6 20 29 37 39 45 106 2458
 1 6 20 29 37 39 45 106 2464
 1 6 20 29 37 39 77 106 2458
 1 6 20 29 37 39 77 106 2482
 1 6 20 29 37 39 77 106 2542
 1 6 20 29 37 39 106 2254 2458 2482
 1 6 20 29 37 39 106 2458 2464
 1 6 20 29 37 39 106 2458 2528
 1 6 20 29 37 39 106 2458 2542
 1 6 20 29 37 39 106 2482 2528
 1 6 20 29 37 45 57 68 106 2482
 1 6 20 29 37 45 57 77 106
 1 6 20 29 37 45 57 106 2458
 1 6 20 29 37 45 57 106 2464
 1 6 20 29 37 45 57 106 2542
 1 6 20 29 37 45 68 77 106 2482
 1 6 20 29 37 45 68 106 2324 2482 2542
 1 6 20 29 37 45 68 106 2464 2482
 1 6 20 29 37 45 77 106 2458
 1 6 20 29 37 45 77 106 2542
 1 6 20 29 37 45 106 2458 2542
 1 6 20 29 37 45 106 2464 2542
 1 6 20 29 37 57 77 106 2464
 1 6 20 29 37 57 77 106 2542
 1 6 20 29 37 57 106 2458 2542
 1 6 20 29 37 57 106 2464 2482
 1 6 20 29 37 57 106 2464 2542
 1 6 20 29 37 77 106 2458 2542
 1 6 20 29 37 77 106 2464 2542
 1 6 20 29 37 77 106 2324 2482 2542
 1 6 20 29 37 77 106 2482 2528
 1 6 20 29 45 57 77 106 2542
 1 6 20 29 45 68 77 106 2324 2482 2542
 1 6 20 37 39 45 57 77 106
 1 6 20 37 39 45 57 106 2458
 1 6 20 37 39 45 57 106 2464
 1 6 20 37 39 45 57 106 2482
 1 6 20 37 39 45 57 106 2528
 1 6 20 37 39 45 57 106 2542
 1 6 20 37 39 45 106 2458 2464
 1 6 20 37 39 45 106 2458 2528
 1 6 20 37 39 45 106 2464 2482
 1 6 20 37 39 45 106 2464 2542
 1 6 20 37 39 57 77 106 2542
 1 6 20 37 39 57 106 2458 2464
 1 6 20 37 39 57 106 2458 2528
 1 6 20 37 39 57 106 2291 2464 2528
 1 6 20 37 39 57 106 2464 2482
 1 6 20 37 39 57 106 2482 2528
 1 6 20 37 39 77 106 2458 2464
 1 6 20 37 39 77 106 2458 2482
 1 6 20 37 39 77 106 2458 2528
 1 6 20 37 39 77 106 2458 2542
 1 6 20 37 39 77 106 2464 2482
 1 6 20 37 39 77 106 2464 2542
 1 6 20 37 39 77 106 2482 2528
 1 6 20 37 39 106 2291 2464 2482 2528
 1 6 20 37 57 106 2291 2464 2482 2528
 1 6 20 39 45 57 106 2291 2464 2528
 1 6 20 39 45 57 106 2464 2542
 1 6 32 37 39 45 57 106 2482
 1 6 32 37 39 45 77 106 2482
 1 6 32 37 39 45 77 106 2528
 1 6 32 37 39 45 106 2458 2482
 1 6 32 37 39 45 106 2458 2528
 1 6 32 37 39 45 106 2482 2528
 1 6 32 37 39 77 106 2482 2528
 1 6 32 37 39 106 2458 2482 2528
 1 6 32 37 45 57 106 2458 2482
 1 6 32 37 45 57 106 2464 2482
 1 6 32 37 45 57 106 2464 2542
 1 6 32 37 45 57 106 2482 2528
 1 6 32 37 45 77 106 2482 2528
 1 6 32 45 57 77 87 106 2324 2482 2542
 1 6 32 45 57 77 106 2482 2528
 1 6 37 39 45 57 106 2458 2464
 1 6 37 39 45 57 106 2458 2482
 1 6 37 39 45 57 106 2458 2542
 1 6 37 39 45 57 106 2482 2528
 1 6 37 39 45 106 2458 2464 2482
 1 6 37 39 45 106 2458 2464 2528
 1 6 37 39 45 106 2458 2464 2542
 1 6 37 39 45 106 2458 2482 2528
 1 6 37 39 77 106 2458 2464 2542
 1 6 37 39 77 106 2458 2482 2528
 1 6 37 45 57 106 2458 2482 2528
 1 6 37 45 57 106 2464 2482 2528
 1 26 37 39 45 57 77 106 2458
 1 26 37 39 45 106 2257 2458 2464 2482
 1 26 37 39 45 106 2257 2464 2482 2528
 1 26 37 39 57 106 2458 2464 2528
 1 26 37 39 57 106 2458 2464 2542
 1 26 37 39 57 106 2458 2482 2542
 1 26 39 45 57 106 2257 2464 2482 2542
 1 2 3 4 5 6 7 8 15 44 56 69 70 71 2275
 1 2 3 4 5 6 8 9 15 56 68 69 71
 1 2 3 4 5 6 8 12 15 56 62 69 71
 1 2 3 4 5 6 8 15 24 56 69 71 78
 1 2 3 4 5 6 10 13 15 56 59 64 71
 1 2 3 4 5 8 15 27 32 56 69 2267 2283
 1 2 3 4 6 7 8 9 15 44 56
 1 2 3 4 6 7 8 10 15 44 56 64
 1 2 3 4 6 7 8 13 15 44 47 56 59
 1 2 3 4 6 7 8 15 24 30 44 56 78
 1 2 3 4 6 7 8 15 27 44 56
 1 2 3 4 6 7 8 15 44 56 2250
 1 2 3 4 6 7 10 11 15 38 44 56 63 64 2263
 1 2 3 4 6 7 10 13 15 44 56 59 64
 1 2 3 4 6 7 10 15 35 44 56 64 2259
 1 2 3 4 6 8 9 15 21 56 83
 1 2 3 4 6 8 9 15 56 2250
 1 2 3 4 6 8 10 12 15 56 62 64
 1 2 3 4 6 8 10 15 56 64 2250
 1 2 3 4 6 8 15 21 24 56 78 83
 1 2 3 4 6 8 15 21 56 83 2292
 1 2 3 4 6 8 15 24 56 78 2292
 1 2 3 4 6 8 15 27 28 56
 1 2 3 4 6 8 15 28 56 2289
 1 2 3 4 6 10 11 12 15 38 56 62 63 64 2263
 1 2 3 4 6 10 11 13 15 38 56 59 63 64 2263
 1 2 3 4 6 10 12 15 24 56 62 64 78
 1 2 3 4 10 11 12 13 15 38 41 56 59 62 63 64 2261 2263
 1 2 3 4 10 12 15 24 56 62 64 78 2305 2339
 1 2 3 6 7 8 10 11 15 38 44 56
 1 2 3 6 7 8 10 12 15 44 56
 1 2 3 6 7 8 10 13 15 44 47 56 59
 1 2 3 6 7 8 10 15 24 30 44 56 78
 1 2 3 6 7 8 10 15 32 44 56
 1 2 3 6 7 8 10 15 35 44 56 2259 2293
 1 2 3 6 7 8 10 15 44 56 68 2270
 1 2 3 6 7 8 10 15 44 56 2250
 1 2 3 6 7 8 13 14 15 36 44 46 47 56 58 59 2258 2292
 1 2 3 6 7 8 13 15 44 47 56 59 68
 1 2 3 6 7 8 13 15 44 47 56 59 2250 2313
 1 2 3 6 7 8 15 21 24 30 44 56 78
 1 2 3 6 7 8 15 21 27 44 56
 1 2 3 6 7 8 15 21 44 56 68
 1 2 3 6 7 8 15 21 44 56 2250
 1 2 3 6 7 9 10 13 15 44 52 56 59
 1 2 3 6 7 10 11 13 15 38 44 56 59
 1 2 3 6 7 10 12 13 15 41 44 56 59
 1 2 3 6 7 10 12 15 35 44 56 2259
 1 2 3 6 7 10 12 15 44 56 2256
 1 2 3 6 7 10 12 15 44 56 2305
 1 2 3 6 7 10 13 14 15 36 44 56 58 59 2258
 1 2 3 6 7 10 13 15 27 44 56 59 2288
 1 2 3 6 7 12 15 35 44 56 80 81 2259
 1 2 3 6 8 9 15 21 24 56 78
 1 2 3 6 8 9 15 21 56 2250
 1 2 3 6 8 10 12 15 24 56 78
 1 2 3 6 8 10 12 15 56 2250
 1 2 3 6 8 10 15 24 32 56 78
 1 2 3 6 8 10 15 24 33 56 78
 1 2 3 6 8 10 15 24 56 78 2292
 1 2 3 6 8 10 15 24 56 78 2305
 1 2 3 6 8 10 15 32 33 56
 1 2 3 6 8 10 15 33 55 56
 1 2 3 6 8 10 15 55 56 2250
 1 2 3 6 8 10 15 56 2250 2289
 1 2 3 6 8 10 15 56 2256 2289
 1 2 3 6 8 15 21 24 27 56 78
 1 2 3 6 8 15 21 24 56 68 78
 1 2 3 6 8 15 21 24 56 78 2292
 1 2 3 6 9 13 15 21 56 59 2297
 1 2 3 6 9 15 21 24 56 78 2297
 1 2 6 7 10 11 13 14 15 36 38 44 56
 1 2 6 7 10 11 13 15 24 38 44 56 2257
 1 2 6 7 10 11 15 24 30 38 44 56
 1 2 6 7 10 11 15 24 38 44 56 62
 1 2 6 7 10 12 13 15 24 41 44 56 2257
 1 2 6 7 10 12 15 23 24 35 44 56
 1 2 6 7 10 12 15 24 30 44 56
 1 2 6 7 10 12 15 24 44 56 2305
 1 2 6 7 10 13 15 21 27 44 56 2254 2288
 1 2 6 7 10 15 21 23 24 35 44 56 2254
 1 2 6 7 10 15 21 24 27 44 56 2254 2288
 1 2 6 7 10 15 21 24 30 44 56 2254
 1 2 6 7 10 15 24 30 32 44 56
 1 2 6 7 10 15 24 44 56 62 69
 1 2 6 7 10 15 24 44 56 62 2339
 1 2 6 7 15 21 24 27 30 44 56
 1 2 6 7 15 21 24 27 44 56 69
 1 2 6 7 15 21 24 44 56 68 69
 1 2 6 8 9 15 21 24 56 2292
 1 2 6 8 10 12 15 24 56 2292
 1 2 6 8 10 12 15 56 2250 2256
 1 2 6 8 10 12 15 56 2250 2290
 1 2 6 8 10 13 15 33 47 56 75 2304 2398
 1 2 6 8 10 15 24 32 33 56
 1 2 6 8 10 15 24 32 56 2292
 1 2 6 8 10 15 24 56 62 2289
 1 2 6 8 10 15 24 56 2289 2305
 1 2 6 8 10 15 24 56 2289 3104
 1 2 6 8 10 15 32 33 56 2345
 1 2 6 8 12 15 24 56 2292 2305
 1 2 6 8 12 15 56 2250 2256 2290
 1 2 6 10 15 24 29 50 56 2316
 1 2 3 6 7 10 11 2291 2304
 1 2 3 6 7 10 32 2291 2304
 1 2 3 6 7 10 67 2291 2304
 1 2 3 6 7 32 33 2291 2304
 1 2 3 6 7 32 67 2291 2304
 1 2 6 21 24 26 27 2289 2354
 1 2 6 21 24 27 28 38 2354
 1 2 6 21 24 27 28 69 2354
 1 2 6 21 24 27 38 69 2354
 1 2 6 21 27 28 36 2289 2354
 1 2 6 21 27 28 38 48 2354
 1 2 6 21 27 28 48 2282 2354
 1 2 6 21 27 28 69 2282 2354
 1 2 6 21 27 38 48 69 2354
 1 2 6 24 26 27 33 2354 2372
 1 2 6 24 26 27 2289 2354 2360
 1 2 6 8 9 40 46 2249 2753
 1 2 6 8 9 40 46 2262 2753
 1 2 6 8 9 46 86 2249 2753
 1 2 6 8 9 46 86 2257 2753
 1 2 6 8 9 46 2249 2251 2753
 1 2 8 12 24 36 40 46 2532
 1 2 8 12 24 36 40 80 2532
 1 2 8 12 24 36 40 2249 2532
 1 2 8 12 24 36 40 2255 2532
 1 2 8 12 24 36 2249 2292 2532
 1 2 8 12 24 40 46 2249 2532
 1 2 8 12 24 40 80 2249 2532
 1 2 8 12 24 40 80 2255 2532
 1 2 8 12 24 40 2255 2305 2532
 1 2 8 12 40 46 2249 2255 2532
 1 2 8 26 27 32 75 2288 2290
 1 6 10 15 23 29 30 32 2328
 1 6 10 15 23 29 30 78 2328
 1 6 10 15 23 29 32 78 2328
 1 6 10 15 23 29 33 78 2328
 1 6 10 15 23 29 33 2324 2328
 1 6 10 15 23 30 78 2324 2328
 1 6 10 23 29 30 32 2311 2328
 1 2 3 6 10 32 34 2252 2253
 1 7 13 22 25 35 41 44 2330
 1 6 10 23 25 29 32 63 70
 1 2 3 6 7 8 10 32 34
