 1 6 10 13 15 106 2542
 1 6 10 13 16 106
 1 6 10 13 37 106
 1 6 10 16 20 106
 1 6 10 16 23 106
 1 6 10 16 32 106
 1 6 10 16 37 106
 1 6 10 16 39 106
 1 6 10 16 45 106
 1 6 10 16 77 106
 1 6 10 23 29 106
 1 6 10 23 37 106
 1 6 10 23 39 106
 1 6 10 23 57 106
 1 6 10 23 77 106
 1 6 10 37 39 106
 1 6 10 37 77 106
 1 6 10 37 78 106 2542
 1 6 10 37 106 2458
 1 6 10 37 106 2464
 1 6 10 39 45 106
 1 6 10 39 77 106
 1 6 10 39 106 2464
 1 6 10 39 106 2482
 1 6 10 39 106 2542
 1 6 16 32 37 106
 1 6 16 37 39 106
 1 6 16 37 106 2464
 1 6 20 26 37 106
 1 6 20 26 39 106
 1 6 20 29 32 106
 1 6 20 29 37 106
 1 6 20 29 45 106
 1 6 20 29 77 106
 1 6 20 37 39 106
 1 6 20 37 57 106
 1 6 20 37 106 2458
 1 6 20 37 106 2464
 1 6 20 37 106 2528
 1 6 20 39 45 106
 1 6 20 39 57 106
 1 6 20 39 77 106
 1 6 20 39 106 2464
 1 6 20 39 106 2482
 1 6 20 39 106 2528
 1 6 20 39 106 2542
 1 6 20 57 77 106
 1 6 20 57 106 2528
 1 6 20 57 106 2542
 1 6 32 37 39 106
 1 6 32 37 45 106
 1 6 32 37 77 106
 1 6 32 37 106 2458
 1 6 32 37 106 2464
 1 6 32 37 106 2482
 1 6 32 37 106 2542
 1 6 32 45 57 106
 1 6 32 45 77 106
 1 6 32 45 106 2482
 1 6 32 45 106 2528
 1 6 32 45 106 2542
 1 6 32 77 87 106 2542
 1 6 37 39 45 106
 1 6 37 39 77 106
 1 6 37 39 106 2458
 1 6 37 39 106 2482
 1 6 37 39 106 2542
 1 6 37 45 57 106
 1 6 37 45 77 106
 1 6 37 45 106 2458
 1 6 37 45 106 2464
 1 6 37 45 106 2482
 1 6 37 45 106 2528
 1 6 37 45 106 2542
 1 6 37 77 106 2458
 1 6 37 77 106 2464
 1 6 37 77 106 2482
 1 6 37 77 106 2542
 1 6 37 106 2482 2528
 1 6 45 57 77 106
 1 6 45 57 106 2482
 1 6 45 57 106 2542
 1 6 45 77 106 2482
 1 6 45 77 106 2542
 1 26 37 39 45 106
 1 26 37 39 57 106
 1 26 37 39 106 2458
 1 26 37 39 106 2464
 1 26 37 39 106 2482
 1 26 37 39 106 2528
 1 26 37 106 2257 2464 2482
 1 26 37 106 2464 2528
 1 26 39 45 57 106
 1 26 39 45 106 2464
 1 26 39 45 106 2528
 1 26 39 57 106 2464
 1 26 39 57 106 2482
 1 37 39 45 57 106
 1 37 39 45 106 2458
 1 37 39 45 106 2528
 1 37 39 57 77 106
 1 37 39 57 106 2458
 1 37 39 57 106 2482
 1 37 39 57 106 2528
 1 37 39 57 106 2542
 1 37 39 106 2458 2464
 1 37 39 106 2458 2482
 1 37 39 106 2458 2528
 1 37 39 106 2482 2528
 1 37 57 77 106 2528
 1 37 57 106 2458 2528
 1 37 57 106 2458 2542
 1 37 57 106 2464 2528
 1 37 57 106 2464 2542
 1 57 77 106 2328 2528 2542
 37 39 45 57 77 106
 37 39 45 57 106 2542
 37 39 45 106 2458 2464
 37 39 45 106 2458 2528
 37 39 45 106 2528 2542
 1 2 3 4 5 15 56
 1 2 3 4 6 15 56
 1 2 3 4 8 15 56
 1 2 3 4 10 15 56 64
 1 2 3 4 12 15 56 62
 1 2 3 4 15 28 56
 1 2 3 4 15 56 2289
 1 2 3 6 7 15 44 56
 1 2 3 6 8 15 56
 1 2 3 6 9 15 56
 1 2 3 6 10 15 56
 1 2 3 6 12 15 56
 1 2 3 6 13 15 56 59
 1 2 3 6 15 21 56
 1 2 3 6 15 24 56 78
 1 2 3 6 15 26 56
 1 2 3 6 15 28 56
 1 2 3 6 15 50 56
 1 2 3 8 9 15 56
 1 2 3 8 12 15 56
 1 2 3 8 15 27 56
 1 2 3 8 15 28 56
 1 2 3 8 15 32 56
 1 2 3 8 15 33 56
 1 2 3 8 15 52 56
 1 2 3 9 13 15 56 59
 1 2 3 13 14 15 36 56 58 59 2258
 1 2 6 7 10 15 44 56
 1 2 6 7 12 15 44 56
 1 2 6 7 15 21 44 56
 1 2 6 8 9 15 56
 1 2 6 8 10 15 56
 1 2 6 8 12 15 56
 1 2 6 8 13 15 47 56
 1 2 6 8 15 21 56
 1 2 6 8 15 24 56
 1 2 6 8 15 27 56
 1 2 6 8 15 33 56
 1 2 6 8 15 56 62
 1 2 6 8 15 56 68
 1 2 6 8 15 56 2251
 1 2 6 8 15 56 2252
 1 2 6 10 13 15 56
 1 2 6 10 15 24 56
 1 2 6 10 15 29 56
 1 2 6 10 15 50 56
 1 2 6 10 15 56 2253
 1 2 6 10 15 56 2289
 1 2 6 10 15 56 2290
 1 2 6 10 15 56 2316
 1 2 6 10 15 56 2360
 1 2 6 12 15 24 56
 1 2 6 12 15 29 56
 1 2 6 12 15 30 56
 1 2 6 12 15 53 56
 1 2 6 12 15 54 56
 1 2 6 12 15 56 69
 1 2 6 12 15 56 75
 1 2 6 15 21 26 56
 1 2 6 15 21 28 56
 1 2 6 15 21 35 56
 1 2 6 15 21 50 56
 1 2 6 15 26 29 56
 1 2 6 15 26 30 56
 1 2 6 15 26 56 69
 1 2 8 9 12 15 50 56
 1 2 8 9 15 40 56
 1 2 8 12 15 51 56
 1 2 8 15 27 32 56
 1 2 8 15 32 56 75
 1 2 8 15 32 56 2253
 1 2 3 4 5 2288 2363
 1 2 3 4 6 2304 2341
 1 2 3 6 2291 2304
 1 2 6 21 27 2354
 1 2 6 24 27 2354
 1 2 6 27 28 2354
 1 2 6 27 33 2354
 1 2 6 27 2289 2354
 1 2 6 8 46 2753
 1 2 6 40 46 2753
 1 2 8 12 24 2532
 1 2 8 12 36 2532
 1 2 8 12 40 2532
 1 2 8 12 2292 2532
 1 2 8 23 32 2290
 1 2 8 26 32 2290
 1 2 8 32 75 2290
 1 6 10 13 15 2250 2313
 1 2 6 10 13 2253 2321
 1 6 10 13 34 2253 2321
 1 6 10 15 23 2328
 1 6 10 23 29 2328
 1 6 10 23 30 2328
 1 6 10 23 78 2328
 1 2 6 10 2252 2253
 1 6 10 11 2315 2317
 1 6 10 23 2315 2317
 1 6 11 14 22 28
 1 6 11 22 25 28
 1 6 11 22 28 48
 1 6 11 25 31 2345
 1 6 11 25 36 2345
 1 6 11 25 46 2345
 1 6 11 25 69 2345
 1 6 11 41 46 2312
 1 6 11 41 53 2312
 1 6 7 11 68 2344
 1 6 8 11 68 2344
 1 6 11 33 68 2344
 1 6 11 35 68 2344
 1 6 11 55 68 2344
 1 2 7 22 35 2330
 1 7 13 22 35 2330
 1 2 6 8 24 2292
 1 2 6 11 35 2253
 1 2 6 11 35 2367
 1 6 10 14 50 2317
 1 6 10 23 29 32
 1 6 11 22 25 2312
 1 6 11 35 55 2256
