 1 6 10 13 15 16 20 106 2542
 1 6 10 13 15 16 32 106 2542
 1 6 10 13 15 16 37 78 106 2542
 1 6 10 13 15 37 39 78 83 106 2542
 1 6 10 13 15 37 78 106 2308 2458 2542
 1 6 10 13 16 20 23 106
 1 6 10 13 16 20 26 106
 1 6 10 13 16 20 29 106
 1 6 10 13 16 20 37 106
 1 6 10 13 16 20 39 106
 1 6 10 13 16 20 57 106
 1 6 10 13 16 32 37 106
 1 6 10 13 16 37 39 106
 1 6 10 13 16 37 45 106
 1 6 10 13 16 37 106 2458
 1 6 10 13 16 37 106 2464
 1 6 10 13 16 37 106 2482
 1 6 10 13 16 45 57 106
 1 6 10 13 16 45 106 2482
 1 6 10 13 16 45 106 2528
 1 6 10 13 37 39 45 106
 1 6 10 13 37 39 106 2458
 1 6 10 13 37 39 106 2482
 1 6 10 16 20 26 37 106
 1 6 10 16 20 26 39 106
 1 6 10 16 20 29 32 106
 1 6 10 16 20 29 37 106
 1 6 10 16 20 29 39 106
 1 6 10 16 20 29 45 106
 1 6 10 16 20 29 57 106
 1 6 10 16 20 37 39 106
 1 6 10 16 20 37 57 106
 1 6 10 16 20 37 58 106 2528
 1 6 10 16 20 37 106 2458
 1 6 10 16 20 37 106 2464
 1 6 10 16 20 39 45 106
 1 6 10 16 20 39 57 106
 1 6 10 16 20 39 106 2482
 1 6 10 16 20 39 106 2528
 1 6 10 16 20 57 77 106
 1 6 10 16 20 57 106 2542
 1 6 10 16 23 32 37 106
 1 6 10 16 23 32 45 106
 1 6 10 16 23 32 57 106
 1 6 10 16 23 37 39 106
 1 6 10 16 23 37 45 106
 1 6 10 16 23 37 57 106
 1 6 10 16 23 37 77 106
 1 6 10 16 23 37 78 106 2542
 1 6 10 16 23 37 106 2458
 1 6 10 16 23 37 106 2464
 1 6 10 16 23 37 106 2482
 1 6 10 16 23 37 106 2528
 1 6 10 16 23 45 106 2528
 1 6 10 16 23 57 106 2542
 1 6 10 16 32 37 39 106
 1 6 10 16 32 37 45 106
 1 6 10 16 32 37 77 106
 1 6 10 16 32 37 78 106 2542
 1 6 10 16 32 37 106 2249 2458
 1 6 10 16 32 37 106 2464
 1 6 10 16 32 37 106 2482
 1 6 10 16 19 32 39 106 2251 2464
 1 6 10 16 32 39 106 2482
 1 6 10 16 32 39 106 2542
 1 6 10 16 37 39 45 106
 1 6 10 16 37 39 77 106
 1 6 10 16 37 39 78 106 2542
 1 6 10 16 37 39 106 2458
 1 6 10 16 37 39 106 2464
 1 6 10 16 37 39 106 2482
 1 6 10 16 37 45 106 2464
 1 6 10 16 37 77 106 2464
 1 6 10 16 37 78 106 2311 2464 2542
 1 6 10 16 37 106 2464 2482
 1 6 10 23 29 32 37 106
 1 6 10 23 29 32 39 106
 1 6 10 12 23 29 37 106 2458
 1 6 10 23 29 37 39 106
 1 6 10 23 29 37 45 106
 1 6 10 23 29 37 77 106
 1 6 10 23 29 37 78 106 2542
 1 6 10 23 29 37 106 2464
 1 6 10 23 29 37 106 2482
 1 6 10 23 29 39 45 106
 1 6 10 23 29 39 77 106
 1 6 10 23 29 39 106 2464
 1 6 10 23 29 39 106 2482
 1 6 10 23 29 39 106 2542
 1 6 10 23 29 45 57 106
 1 6 10 23 29 45 77 106
 1 6 10 23 29 45 106 2482
 1 6 10 23 29 45 106 2528
 1 6 10 23 29 45 106 2542
 1 6 10 23 37 39 45 106
 1 6 10 23 37 39 57 106
 1 6 10 23 37 39 77 106
 1 6 10 23 37 39 78 106 2542
 1 6 10 23 37 39 106 2458
 1 6 10 23 37 39 106 2464
 1 6 10 23 37 39 106 2482
 1 6 10 23 37 39 106 2528
 1 6 10 23 37 57 77 106
 1 6 10 23 37 57 78 106 2428 2542
 1 6 10 23 37 57 106 2464
 1 6 10 23 37 57 106 2528
 1 6 10 23 37 77 106 2464
 1 6 10 23 37 77 106 2528
 1 6 10 23 37 106 2464 2482
 1 6 10 23 37 106 2464 2528
 1 6 10 23 39 45 57 106
 1 6 10 23 39 45 77 106
 1 6 10 23 39 45 106 2464
 1 6 10 23 39 45 106 2528
 1 6 10 23 39 45 106 2542
 1 6 10 23 39 57 77 106
 1 6 10 23 39 57 106 2464
 1 6 10 23 39 57 106 2482
 1 6 10 23 39 57 106 2528
 1 6 10 23 39 57 106 2542
 1 6 10 23 39 77 106 2464
 1 6 10 23 39 77 106 2482
 1 6 10 23 39 77 106 2528
 1 6 10 23 57 77 106 2528
 1 6 10 37 39 45 57 106
 1 6 10 37 39 45 77 106
 1 6 10 37 39 45 78 106 2542
 1 6 10 37 39 45 106 2458
 1 6 10 37 39 45 106 2464
 1 6 10 37 39 45 106 2528
 1 6 10 37 39 77 106 2464
 1 6 10 37 39 78 106 2458 2542
 1 6 10 37 39 106 2458 2464
 1 6 10 37 39 106 2458 2482
 1 6 10 37 39 106 2464 2482
 1 6 10 37 39 106 2482 2528
 1 6 10 37 77 106 2464 2482
 1 6 10 37 106 2464 2482 2528
 1 6 10 39 45 57 77 106
 1 6 10 39 45 57 106 2464
 1 6 10 39 45 57 106 2542
 1 6 10 39 45 106 2464 2482
 1 6 10 39 45 106 2464 2528
 1 6 16 32 37 39 106 2249 2458
 1 6 16 37 39 106 2458 2464
 1 6 20 26 37 39 45 106
 1 6 20 26 37 39 77 106
 1 6 20 26 37 39 106 2458
 1 6 20 26 37 39 106 2464
 1 6 20 26 37 39 106 2482
 1 6 20 26 37 39 106 2542
 1 6 20 26 37 106 2257 2464 2482
 1 6 20 26 37 106 2464 2542
 1 6 20 26 39 45 57 106
 1 6 20 26 39 45 106 2464
 1 6 20 26 39 45 106 2528
 1 6 20 26 39 77 106 2464
 1 6 20 26 39 77 106 2482
 1 3 6 20 29 32 37 106 2458
 1 6 20 29 32 37 39 106
 1 6 20 29 32 37 57 106
 1 6 20 29 32 37 106 2464
 1 6 20 29 32 37 106 2528
 1 6 20 29 37 39 45 106
 1 6 20 29 37 39 77 106
 1 6 20 29 37 39 106 2458
 1 6 20 29 37 39 106 2482
 1 6 20 29 37 39 106 2542
 1 6 20 29 37 45 57 106
 1 6 20 29 37 45 68 106 2482
 1 6 20 29 37 45 77 106
 1 6 20 29 37 45 106 2356 2528
 1 6 20 29 37 45 106 2458
 1 6 20 29 37 45 106 2464
 1 6 20 29 37 45 106 2542
 1 6 20 29 37 57 74 106 2528
 1 6 20 29 37 57 77 106
 1 6 20 29 37 57 106 2458
 1 6 20 29 37 57 106 2464
 1 6 20 29 37 57 106 2482
 1 6 20 29 37 57 106 2542
 1 6 20 29 37 77 106 2458
 1 6 20 29 37 77 106 2464
 1 6 20 29 37 77 106 2482
 1 6 20 29 37 77 106 2528
 1 6 20 29 37 77 106 2542
 1 6 20 29 37 106 2324 2482 2542
 1 6 20 29 37 106 2482 2528
 1 6 20 29 45 57 68 106 2482
 1 6 20 29 45 57 77 106
 1 6 20 29 45 57 106 2542
 1 6 20 29 45 68 77 106 2482
 1 6 20 29 45 77 106 2542
 1 6 20 37 39 45 57 106
 1 6 20 37 39 45 106 2458
 1 6 20 37 39 45 106 2464
 1 6 20 37 39 45 106 2528
 1 6 20 37 39 57 77 106
 1 6 20 37 39 57 106 2458
 1 6 20 37 39 57 106 2464
 1 6 20 37 39 57 106 2482
 1 6 20 37 39 57 106 2528
 1 6 20 37 39 57 106 2542
 1 6 20 37 39 77 106 2458
 1 6 20 37 39 77 106 2464
 1 6 20 37 39 77 106 2482
 1 6 20 37 39 77 106 2528
 1 6 20 37 39 77 106 2542
 1 6 20 37 39 106 2458 2464
 1 6 20 37 39 106 2458 2482
 1 6 20 37 39 106 2458 2528
 1 6 20 37 39 106 2458 2542
 1 6 20 37 39 106 2291 2464 2528
 1 6 20 37 39 106 2464 2482
 1 6 20 37 39 106 2464 2542
 1 6 20 37 39 106 2482 2528
 1 6 20 37 57 77 106 2528
 1 6 20 37 57 106 2458 2528
 1 6 20 37 57 106 2458 2542
 1 6 20 37 57 106 2291 2464 2528
 1 6 20 37 57 106 2464 2482
 1 6 20 37 57 106 2464 2542
 1 6 20 37 57 106 2482 2528
 1 6 20 37 106 2291 2464 2482 2528
 1 6 20 39 45 57 77 106
 1 6 20 39 45 57 106 2464
 1 6 20 39 45 57 106 2528
 1 6 20 39 45 57 106 2542
 1 6 20 39 45 106 2291 2464 2528
 1 6 20 39 45 106 2464 2482
 1 6 20 39 45 106 2464 2542
 1 6 20 39 57 77 106 2528
 1 6 20 39 57 77 106 2542
 1 6 20 39 57 106 2291 2464 2528
 1 6 20 39 57 106 2464 2542
 1 6 20 39 57 106 2482 2528
 1 6 20 39 77 106 2464 2542
 1 6 20 39 77 106 2482 2528
 1 6 20 57 77 106 2328 2528 2542
 1 6 32 37 39 45 57 106
 1 6 32 37 39 45 77 106
 1 6 32 37 39 45 106 2458
 1 6 32 37 39 45 106 2482
 1 6 32 37 39 45 106 2528
 1 6 32 37 39 77 106 2458
 1 6 32 37 39 77 106 2482
 1 6 32 37 39 106 2458 2482
 1 6 32 37 39 106 2482 2528
 1 6 32 37 45 57 106 2458
 1 6 32 37 45 57 106 2464
 1 6 32 37 45 57 106 2482
 1 6 32 37 45 57 106 2542
 1 6 32 37 45 77 106 2482
 1 6 32 37 45 77 106 2528
 1 6 32 37 45 106 2458 2482
 1 6 32 37 45 106 2458 2528
 1 6 32 37 45 106 2464 2482
 1 6 32 37 45 106 2464 2528
 1 6 32 37 45 106 2464 2542
 1 6 32 37 45 106 2482 2528
 1 6 32 37 77 106 2482 2528
 1 6 32 45 57 77 87 106 2542
 1 6 32 45 57 77 106 2482
 1 6 32 45 57 106 2324 2482 2542
 1 6 32 45 57 106 2482 2528
 1 6 32 45 77 87 106 2328 2528 2542
 1 6 37 39 45 57 77 106
 1 6 37 39 45 57 106 2458
 1 6 37 39 45 57 106 2482
 1 6 37 39 45 57 106 2542
 1 6 37 39 45 77 106 2482
 1 6 37 39 45 77 106 2542
 1 6 37 39 45 106 2458 2464
 1 6 37 39 45 106 2458 2482
 1 6 37 39 45 106 2458 2528
 1 6 37 39 45 106 2458 2542
 1 6 37 39 45 106 2482 2528
 1 6 37 39 77 106 2458 2464
 1 6 37 39 77 106 2458 2482
 1 6 37 39 77 106 2458 2542
 1 6 37 39 77 106 2482 2528
 1 6 37 39 106 2458 2482 2528
 1 6 37 45 57 106 2458 2482
 1 6 37 45 57 106 2458 2542
 1 6 37 45 57 106 2464 2482
 1 6 37 45 57 106 2464 2542
 1 6 37 45 57 106 2482 2528
 1 26 37 39 45 57 77 106
 1 26 37 39 45 57 106 2458
 1 26 37 39 45 57 106 2528
 1 26 37 39 45 106 2458 2464
 1 26 37 39 45 106 2257 2464 2482
 1 26 37 39 45 106 2464 2528
 1 26 37 39 57 106 2458 2464
 1 26 37 39 57 106 2458 2482
 1 26 37 39 57 106 2464 2528
 1 26 37 39 57 106 2464 2542
 1 26 37 39 57 106 2482 2542
 1 26 37 39 106 2257 2464 2482 2528
 1 26 37 106 2038 2257 2328 2464 2482 2528 2542
 1 26 39 45 57 106 2257 2464 2482
 1 26 39 45 57 106 2464 2542
 1 37 39 45 57 106 2458 2542
 1 37 39 45 106 2458 2464 2482
 1 37 39 45 106 2458 2464 2528
 1 37 39 57 106 2458 2464 2528
 1 37 39 57 106 2458 2464 2542
 1 37 39 57 106 2458 2482 2528
 1 37 39 57 106 2458 2482 2542
 1 2 3 4 5 6 7 15 44 56 70 71 2275
 1 2 3 4 5 6 8 15 56 69 71
 1 2 3 4 5 6 10 15 56 64 71
 1 2 3 4 5 6 12 15 56 62 71
 1 2 3 4 5 8 15 27 56 69 2283
 1 2 3 4 6 7 8 15 44 56
 1 2 3 4 6 7 10 15 44 56 64
 1 2 3 4 6 8 9 15 56
 1 2 3 4 6 8 10 15 56 64
 1 2 3 4 6 8 12 15 56 62
 1 2 3 4 6 8 15 21 56 83
 1 2 3 4 6 8 15 24 56 78
 1 2 3 4 6 8 15 27 56
 1 2 3 4 6 8 15 28 56
 1 2 3 4 6 8 15 56 2250
 1 2 3 4 6 10 11 15 38 56 63 64 2263
 1 2 3 4 6 10 12 15 56 62 64
 1 2 3 4 6 10 13 15 56 59 64
 1 2 3 4 6 12 15 24 56 62 78
 1 2 3 4 6 15 21 24 56 78 83
 1 2 3 4 6 15 28 56 2289
 1 2 3 4 8 9 15 56 2300
 1 2 3 4 8 15 27 32 56 2267
 1 2 3 4 8 15 27 56 2289
 1 2 3 4 10 11 12 15 38 56 62 63 64 2263
 1 2 3 4 10 12 15 24 56 62 64 78
 1 2 3 6 7 8 10 15 44 56
 1 2 3 6 7 8 12 15 44 56
 1 2 3 6 7 8 13 15 44 47 56 59
 1 2 3 6 7 8 15 21 44 56
 1 2 3 6 7 8 15 24 30 44 56 78
 1 2 3 6 7 8 15 44 56 68
 1 2 3 6 7 8 15 44 56 2250
 1 2 3 6 7 8 15 44 56 2252
 1 2 3 6 7 9 10 15 44 52 56
 1 2 3 6 7 10 11 15 38 44 56
 1 2 3 6 7 10 12 15 44 56
 1 2 3 6 7 10 13 15 44 56 59
 1 2 3 6 7 10 15 27 44 56 2288
 1 2 3 6 7 10 15 35 44 56 2259
 1 2 3 6 7 12 15 35 44 56 2259
 1 2 3 6 7 12 15 44 56 66
 1 2 3 6 7 13 14 15 36 44 56 58 59 2258
 1 2 3 6 7 13 15 27 44 56 59
 1 2 3 6 7 15 21 27 44 56
 1 2 3 6 7 15 21 44 56 68
 1 2 3 6 8 9 10 15 52 56
 1 2 3 6 8 9 15 21 56
 1 2 3 6 8 9 15 24 56 78
 1 2 3 6 8 9 15 56 2250
 1 2 3 6 8 10 12 15 56
 1 2 3 6 8 10 15 24 56 78
 1 2 3 6 8 10 15 32 56
 1 2 3 6 8 10 15 33 56
 1 2 3 6 8 10 15 55 56
 1 2 3 6 8 10 15 56 68 2270
 1 2 3 6 8 10 15 56 2250
 1 2 3 6 8 10 15 56 2253
 1 2 3 6 8 10 15 56 2256
 1 2 3 6 8 10 15 56 2289
 1 2 3 6 8 12 15 38 56
 1 2 3 6 8 12 15 56 2250
 1 2 3 6 8 12 15 56 2256
 1 2 3 6 8 15 21 24 56 78
 1 2 3 6 8 15 21 27 56
 1 2 3 6 8 15 21 35 56 2259
 1 2 3 6 8 15 21 56 68
 1 2 3 6 8 15 21 56 2292
 1 2 3 6 8 15 24 27 56 78
 1 2 3 6 8 15 24 56 78 2292
 1 2 3 6 8 15 27 28 56
 1 2 3 6 8 15 27 33 56
 1 2 3 6 8 15 27 56 2250
 1 2 3 6 8 15 33 56 2253
 1 2 3 6 9 10 13 15 52 56 59
 1 2 3 6 9 13 15 21 56 59
 1 2 3 6 9 15 21 24 56 78
 1 2 3 6 9 15 21 35 56 2259
 1 2 3 6 9 15 21 56 2297
 1 2 3 6 9 15 22 56 2295
 1 2 3 6 10 13 14 15 36 56 58 59 2258
 1 2 3 6 12 15 24 56 78 80 2429
 1 2 3 6 12 15 53 56 2272
 1 2 3 6 12 15 56 75 80
 1 2 3 6 15 21 26 35 56 2259
 1 2 6 7 10 11 13 15 38 44 56
 1 2 6 7 10 11 15 24 38 44 56
 1 2 6 7 10 12 13 15 41 44 56
 1 2 6 7 10 12 15 24 44 56
 1 2 6 7 10 12 15 35 44 56
 1 2 6 7 10 13 15 21 44 56 2254
 1 2 6 7 10 15 21 24 44 56 2254
 1 2 6 7 10 15 21 27 44 56 2254 2288
 1 2 6 7 10 15 21 30 44 56 2254
 1 2 6 7 10 15 24 30 44 56
 1 2 6 7 10 15 24 32 44 56
 1 2 6 7 10 15 24 44 56 62
 1 2 6 7 10 15 24 44 56 69
 1 2 6 7 10 15 32 35 44 56
 1 2 6 7 12 15 24 30 44 56
 1 2 6 7 12 15 44 54 56 66
 1 2 6 7 15 21 24 27 44 56
 1 2 6 7 15 21 24 44 56 68
 1 2 6 8 9 15 21 24 56
 1 2 6 8 9 15 21 35 56
 1 2 6 8 9 15 21 56 2297
 1 2 6 8 10 12 15 24 56
 1 2 6 8 10 12 15 56 2250
 1 2 6 8 10 12 15 56 2290
 1 2 6 8 10 13 15 33 47 56 2304
 1 2 6 8 10 13 15 47 51 56 2297
 1 2 6 8 10 15 24 32 56
 1 2 6 8 10 15 24 33 56
 1 2 6 8 10 15 24 56 62
 1 2 6 8 10 15 24 56 2289
 1 2 6 8 10 15 24 56 2292
 1 2 6 8 10 15 24 56 2305
 1 2 6 8 10 15 32 33 56
 1 2 6 8 10 15 32 56 2253
 1 2 6 8 10 15 32 56 2337
 1 2 6 8 10 15 33 56 75 2398
 1 2 6 8 10 15 33 56 2253
 1 2 6 8 10 15 33 56 2345
 1 2 6 8 12 15 21 24 56 2256
 1 2 6 8 12 15 24 38 56
 1 2 6 8 12 15 24 56 2292
 1 2 6 8 12 15 24 56 2305
 1 2 6 8 12 15 38 56 2251
 1 2 6 8 12 15 38 56 2290
 1 2 6 8 12 15 54 56 2250
 1 2 6 8 12 15 56 80 2256
 1 2 6 8 12 15 56 2250 2256
 1 2 6 8 12 15 56 2250 2290
 1 2 6 8 12 15 56 2256 2290
 1 2 6 8 13 15 33 47 56 75
 1 2 6 8 15 21 24 27 56
 1 2 6 8 15 21 24 56 2292
 1 2 6 8 15 21 24 56 2297
 1 2 6 10 15 24 29 32 56
 1 2 6 10 15 24 29 33 56
 1 2 6 10 15 24 29 50 56
 1 2 6 10 15 24 50 56 2316
 1 2 6 10 15 24 56 2289 3104
 1 2 6 10 15 29 32 56 2367
 1 2 6 10 15 29 33 56 2367
 1 2 6 12 15 24 29 56 2305
 1 2 3 6 7 10 2291 2304
 1 2 3 6 7 32 2291 2304
 1 2 3 6 7 67 2291 2304
 1 2 6 21 24 26 27 2354
 1 2 6 21 24 27 28 2354
 1 2 6 21 24 27 38 2354
 1 2 6 21 24 27 69 2354
 1 2 6 21 24 27 2289 2354
 1 2 6 21 24 27 2354 2372
 1 2 6 21 26 27 48 2354
 1 2 6 21 26 27 2282 2354
 1 2 6 21 26 27 2289 2354
 1 2 6 21 27 28 36 2354
 1 2 6 21 27 28 38 2354
 1 2 6 21 27 28 48 2354
 1 2 6 21 27 28 69 2354
 1 2 6 21 27 28 2282 2354
 1 2 6 21 27 36 2289 2354
 1 2 6 21 27 36 2354 2372
 1 2 6 21 27 38 48 2354
 1 2 6 24 26 27 33 2354
 1 2 6 24 26 27 2289 2354
 1 2 6 24 27 33 75 2354
 1 2 6 24 27 2289 2354 2360
 1 2 6 8 9 40 46 2753
 1 2 6 8 9 46 86 2753
 1 2 6 8 9 46 2249 2753
 1 2 6 8 40 46 2249 2753
 1 2 6 8 40 46 2251 2753
 1 2 6 8 40 46 2262 2753
 1 2 8 12 24 36 40 2532
 1 2 8 12 24 36 80 2532
 1 2 8 12 24 36 2249 2532
 1 2 8 12 24 40 46 2532
 1 2 8 12 24 40 80 2532
 1 2 8 12 24 40 2249 2532
 1 2 8 12 24 40 2255 2532
 1 2 8 12 24 2249 2292 2532
 1 2 8 12 24 2249 2305 2532
 1 2 8 12 36 40 2249 2532
 1 2 8 12 40 46 2249 2532
 1 2 8 12 40 2255 2305 2532
 1 2 8 23 26 32 75 2290
 1 2 8 26 27 32 75 2290
 1 2 8 26 27 32 2288 2290
 1 6 10 15 23 29 30 2328
 1 6 10 15 23 29 32 2328
 1 6 10 15 23 29 33 2328
 1 6 10 15 23 29 78 2328
 1 6 10 15 23 30 78 2328
 1 6 10 15 23 30 2324 2328
 1 6 10 23 29 30 32 2328
 1 6 10 23 29 30 63 2328
 1 6 10 23 29 30 78 2328
 1 6 10 23 29 30 2311 2328
 1 6 10 23 29 33 2324 2328
 1 6 10 23 30 78 2311 2328
 1 6 10 23 30 78 2324 2328
 1 2 3 6 10 32 2252 2253
 1 6 10 11 12 23 2315 2317
 1 6 10 11 23 25 2315 2317
 1 6 10 11 23 31 2315 2317
 1 6 10 11 23 51 2315 2317
 1 6 11 14 22 28 38 48
 1 6 7 8 11 68 2254 2344
 1 6 7 11 35 55 68 2344
 1 6 7 11 35 68 2254 2344
 1 2 7 22 35 2256 2326 2330
 1 7 13 22 25 35 41 2330
 1 6 10 15 23 29 32 35
 1 6 10 15 23 29 32 78
 1 6 10 23 25 29 32 63
