 1 6 10 13 15 16 20 23 25 26 27 28 37 58 78 106 2258 2288 2289 2308 2309 2328 2458 2460 2528 2542
 1 6 10 13 15 16 20 23 25 26 27 29 106 2288 2308 2328 2458 2528 2542
 1 6 10 13 15 16 20 23 25 26 27 39 63 83 106 2263 2288 2308 2328 2458 2528 2542
 1 6 10 13 15 16 20 23 25 26 30 45 70 90 106 2275 2291 2311 2328 2464 2528 2542
 1 6 10 13 15 16 20 23 26 29 37 39 78 83 106 2542
 1 6 10 13 15 16 20 23 26 29 37 40 78 106 2305 2311 2464 2542
 1 6 10 13 15 16 20 23 26 28 37 39 78 83 106 2289 2308 2309 2458 2460 2542
 1 6 10 13 15 16 20 23 26 37 39 46 78 83 106 2292 2324 2482 2542
 1 6 10 13 15 16 20 23 37 39 45 78 83 90 106 2308 2458 2542
 1 6 10 13 15 16 20 23 37 39 78 83 106 2308 2324 2458 2482 2542
 1 6 10 13 15 16 20 29 32 37 57 78 99 106 2311 2464 2542
 1 6 10 13 16 20 23 26 28 37 39 45 106 148 2289 2309 2331 2458 2460
 1 6 10 13 16 20 23 26 28 37 39 46 106 2289 2309 2458 2460 2482
 1 6 10 13 16 20 23 37 39 45 106 2458 2464
 1 6 10 13 16 20 29 32 37 39 45 57 106
 1 6 10 13 16 20 29 32 37 39 45 58 106 2341 2356 2528
 1 6 10 13 16 20 29 32 37 57 106 2464 2482
 1 6 10 13 16 20 22 29 37 39 45 50 106 2255 2295 2334 2458 2464
 1 6 10 13 16 20 22 29 37 39 51 58 106 2254 2255 2304 2458 2482 2528
 1 6 10 13 16 20 37 39 45 57 106 2458 2464
 1 6 10 13 16 20 37 39 45 57 106 2464 2482
 1 6 10 13 16 20 37 39 45 58 106 2291 2304 2464 2482 2528
 1 6 10 13 16 20 37 39 45 106 2458 2464 2482
 1 6 10 13 37 39 45 57 106 2458 2464 2482 2528
 1 6 10 16 20 29 32 37 57 77 106 2464 2482
 1 6 10 16 20 29 32 37 57 78 106 2311 2324 2464 2482 2542
 1 6 10 23 29 32 37 39 45 57 77 106 2464
 1 6 10 23 29 32 37 39 45 57 106 2464 2482
 1 6 10 23 29 32 37 39 45 77 106 2464 2482
 1 6 10 23 29 32 37 39 45 77 106 2464 2528
 1 6 10 23 29 32 37 39 45 106 2464 2482 2528
 1 6 10 23 29 32 37 39 77 106 2464 2482 2528
 1 6 10 23 29 32 39 45 57 106 2464 2482 2528
 1 6 10 23 29 37 39 45 57 106 2464 2482 2528
 1 2 8 12 24 36 40 46 80 2249 2255 2292 2532
