 1 6 10 13 106
 1 6 10 16 106
 1 6 10 23 106
 1 6 10 37 106
 1 6 10 39 106
 1 6 10 77 106
 1 6 16 32 106
 1 6 16 37 106
 1 6 20 26 106
 1 6 20 29 106
 1 6 20 37 106
 1 6 20 39 106
 1 6 20 57 106
 1 6 32 37 106
 1 6 32 45 106
 1 6 32 77 106
 1 6 37 39 106
 1 6 37 45 106
 1 6 37 77 106
 1 6 37 106 2458
 1 6 37 106 2464
 1 6 37 106 2482
 1 6 37 106 2542
 1 6 45 57 106
 1 6 45 77 106
 1 6 45 106 2482
 1 6 45 106 2528
 1 6 45 106 2542
 1 6 77 106 2542
 1 26 37 39 106
 1 26 37 106 2458
 1 26 37 106 2464
 1 26 39 45 106
 1 26 39 57 106
 1 26 39 106 2464
 1 26 39 106 2482
 1 26 39 106 2528
 1 37 39 45 106
 1 37 39 57 106
 1 37 39 106 2458
 1 37 39 106 2482
 1 37 39 106 2528
 1 37 57 77 106
 1 37 57 106 2458
 1 37 57 106 2464
 1 37 57 106 2528
 1 37 57 106 2542
 1 57 77 106 2528
 37 39 45 57 106
 37 39 45 106 2458
 37 39 45 106 2528
 37 39 106 2458 2464
 37 39 106 2458 2482
 37 39 106 2482 2528
 1 2 3 4 15 56
 1 2 3 6 15 56
 1 2 3 8 15 56
 1 2 3 9 15 56
 1 2 3 13 15 56 59
 1 2 3 15 28 56
 1 2 3 15 56 2289
 1 2 6 7 15 44 56
 1 2 6 8 15 56
 1 2 6 10 15 56
 1 2 6 12 15 56
 1 2 6 15 21 56
 1 2 6 15 26 56
 1 2 6 15 28 56
 1 2 6 15 56 2253
 1 2 6 15 56 2272
 1 2 6 15 56 2290
 1 2 8 9 15 56
 1 2 8 12 15 56
 1 2 8 15 27 56
 1 2 8 15 32 56
 1 2 8 15 33 56
 1 2 8 15 51 56
 1 2 8 15 52 56
 1 2 8 15 56 62
 1 2 3 4 5
 1 2 3 4 2304 2341
 1 2 3 2291 2304
 1 2 6 27 2354
 1 2 6 46 2753
 1 2 8 12 2532
 1 2 8 32 2290
 1 2 28 2291 2370
 1 6 10 13 15
 1 6 10 13 2253 2321
 1 6 10 23 2328
 1 6 10 2252 2253
 1 6 10 2315 2317
 1 6 11 22 28
 1 6 11 25 2345
 1 6 11 41 2312
 1 6 11 68 2344
 1 7 22 35 2330
