 1 6 10 13 15 16 20 23 25 26 106 2328 2528 2542
 1 6 10 13 15 16 20 23 26 29 106 2542
 1 6 10 13 15 16 20 23 26 37 78 106 2542
 1 6 10 13 15 16 20 23 26 39 83 106 2542
 1 6 10 13 15 16 20 23 37 39 78 83 106 2542
 1 6 10 13 15 16 20 23 37 78 106 2308 2458 2542
 1 6 10 13 15 16 20 23 37 78 106 2311 2464 2542
 1 6 10 13 15 16 20 26 37 40 78 106 2305 2311 2464 2542
 1 6 10 13 15 16 20 26 37 78 106 2308 2309 2458 2460 2542
 1 6 10 13 15 16 20 26 39 45 83 90 106 2393 2542
 1 6 10 13 15 16 20 26 39 83 106 2324 2482 2542
 1 6 10 13 15 16 20 29 32 37 78 106 2542
 1 6 10 13 15 16 20 29 37 39 78 83 106 2542
 1 6 10 13 15 16 20 29 37 57 78 99 106 2542
 1 6 10 13 15 16 20 29 45 90 106 2328 2528 2542
 1 6 10 13 15 16 20 37 39 45 78 83 90 106 2542
 1 6 10 13 15 16 20 37 78 106 2311 2324 2464 2482 2542
 1 6 10 13 15 16 37 39 78 83 106 2308 2311 2458 2464 2542
 1 6 10 13 16 20 23 26 29 32 106
 1 6 10 13 16 20 23 26 29 37 106
 1 6 10 13 16 20 23 26 28 37 106 2289 2309 2458 2460
 1 6 10 13 16 20 23 26 37 39 106
 1 6 10 13 16 20 23 26 37 40 106 2464
 1 6 10 13 16 20 23 26 39 45 106
 1 6 10 13 16 20 23 26 39 106 2482
 1 6 10 13 16 20 23 37 39 45 106
 1 6 10 13 16 20 23 37 39 106 2458
 1 6 10 13 16 20 23 37 39 106 2482
 1 6 10 13 16 20 26 37 39 46 106 2482
 1 6 10 13 16 20 26 37 39 106 2309 2458 2460
 1 6 10 13 16 20 26 37 40 46 106 2257 2329 2464 2482
 1 6 10 13 16 20 26 39 45 57 106
 1 6 10 13 16 20 26 39 45 106 2528
 1 6 10 13 16 20 29 32 37 39 106
 1 6 10 13 16 20 29 32 37 57 106
 1 6 10 13 16 20 29 32 37 58 106 2528
 1 6 10 13 16 20 29 32 37 106 2464
 1 6 10 13 16 20 22 29 37 39 106 2255 2458
 1 6 10 13 16 20 22 29 37 45 106 2255 2458
 1 6 10 13 16 20 22 29 37 57 106 2255 2458
 1 6 10 13 16 20 29 37 39 45 106
 1 6 10 13 16 20 29 37 39 51 106 2482
 1 6 10 13 16 20 29 37 45 57 106
 1 6 10 13 16 20 29 37 45 58 106 2356 2528
 1 6 10 13 16 20 29 37 45 106 2334 2464
 1 6 10 13 16 20 29 37 57 106 2464
 1 6 10 13 16 20 29 37 57 106 2482
 1 6 10 13 16 20 29 37 58 106 2304 2482 2528
 1 6 10 13 16 20 37 39 45 57 106
 1 6 10 13 16 20 37 39 45 58 106 2528
 1 6 10 13 16 20 37 39 45 106 2458
 1 6 10 13 16 20 37 39 45 106 2464
 1 6 10 13 16 20 37 39 57 106 2458
 1 6 10 13 16 20 37 39 57 106 2464
 1 6 10 13 16 20 37 39 57 106 2482
 1 6 10 13 16 20 37 39 58 106 2291 2464 2528
 1 6 10 13 16 20 37 39 58 106 2304 2482 2528
 1 6 10 13 16 20 37 39 58 106 2458 2528
 1 6 10 13 16 20 37 39 106 2458 2464
 1 6 10 13 16 20 37 39 106 2458 2482
 1 6 10 13 16 20 37 39 106 2464 2482
 1 6 10 13 16 20 37 57 106 2464 2482
 1 6 10 13 16 20 37 58 106 2291 2304 2464 2482 2528
 1 6 10 13 16 20 39 45 106 2291 2464 2528
 1 6 10 13 16 20 39 45 106 2464 2482
 1 6 10 13 16 18 32 37 45 55 106 2249 2374 2458 2482
 1 6 10 13 16 18 32 37 45 106 2249 2458 2528
 1 6 10 13 16 32 37 39 45 57 106
 1 6 10 13 16 32 37 39 45 106 2341 2528
 1 6 10 13 16 32 37 45 106 2464 2528
 1 6 10 13 16 37 39 45 57 106 2458
 1 6 10 13 16 37 39 45 106 2458 2464
 1 6 10 13 16 37 39 45 106 2458 2482
 1 6 10 13 16 37 39 45 106 2458 2528
 1 6 10 13 16 37 39 106 2304 2458 2482 2528
 1 6 10 13 37 39 45 57 106 2458 2464
 1 6 10 13 37 39 45 106 2458 2464 2482
 1 6 10 13 37 39 45 106 2458 2464 2528
 1 6 10 14 16 20 26 37 40 46 58 106 2257 2291 2304 2312 2325 2329 2464 2482 2528 2544
 1 6 10 16 20 26 39 45 57 106 2542
 1 6 10 16 20 26 39 45 106 2328 2528 2542
 1 3 6 10 16 20 29 32 37 39 106 2249 2255 2458
 1 3 6 10 16 20 29 32 37 57 106 2249 2255 2458
 1 6 10 16 20 29 32 37 57 77 106
 1 6 10 16 20 29 32 37 57 78 106 2542
 1 6 10 16 20 29 32 37 57 106 2464
 1 6 10 16 20 29 32 37 58 106 2291 2464 2528
 1 6 10 16 20 29 32 37 106 2464 2482
 1 6 10 16 20 29 32 39 45 57 106
 1 6 10 16 20 29 32 39 45 106 2528
 1 6 10 16 20 29 32 39 51 57 106 2348 2482
 1 6 10 16 20 29 32 39 57 106 2542
 1 6 10 16 20 29 32 39 106 2328 2528 2542
 1 6 10 16 20 29 37 39 58 106 2255 2458 2528
 1 6 10 16 20 29 37 45 57 78 106 2386 2542
 1 6 10 16 20 29 37 57 77 106 2482
 1 6 10 16 20 29 37 57 78 106 2255 2458 2542
 1 6 10 16 20 29 37 57 106 2464 2482
 1 6 10 16 20 29 37 58 106 2291 2304 2464 2482 2528
 1 6 10 16 20 37 39 45 57 106 2458
 1 6 10 16 20 37 39 45 58 106 2458 2528
 1 6 8 10 16 23 32 37 45 78 106 2249 2458 2542
 1 6 10 16 23 32 37 45 106 2464 2528
 1 6 10 16 23 32 37 77 106 2464 2528
 1 6 10 16 23 37 39 45 63 106 2464 2528
 1 6 10 16 23 37 39 45 106 2458 2464
 1 6 10 16 23 37 39 57 106 2464 2482
 1 6 10 23 29 32 37 39 45 57 106
 1 6 10 23 29 32 37 39 45 77 106
 1 6 10 23 29 32 37 39 45 106 2464
 1 6 10 23 29 32 37 39 45 106 2528
 1 6 10 23 29 32 37 39 77 106 2464
 1 6 10 23 29 32 37 39 77 106 2482
 1 6 10 23 29 32 37 39 106 2464 2482
 1 6 10 23 29 32 37 39 106 2482 2528
 1 6 10 23 29 32 37 77 106 2464 2482
 1 6 10 23 29 32 37 106 2464 2482 2528
 1 6 10 23 29 32 39 45 57 106 2464
 1 6 10 23 29 32 39 45 106 2464 2482
 1 6 10 23 29 32 39 45 106 2464 2528
 1 6 10 23 29 37 39 45 57 77 106
 1 6 10 23 29 37 39 45 57 106 2464
 1 6 10 23 29 37 39 45 57 106 2482
 1 6 10 23 29 37 39 45 77 106 2464
 1 6 10 23 29 37 39 45 77 106 2482
 1 6 10 23 29 37 39 45 77 106 2528
 1 6 10 23 29 37 39 45 106 2464 2482
 1 6 10 23 29 37 39 45 106 2464 2528
 1 6 10 23 29 37 39 77 106 2464 2482
 1 6 10 23 29 37 39 77 106 2482 2528
 1 6 10 23 29 37 39 106 2464 2482 2528
 1 6 10 23 29 37 45 57 77 106 2464
 1 6 10 23 29 37 45 57 106 2464 2482
 1 6 10 23 29 37 45 57 106 2482 2528
 1 6 10 23 29 37 45 77 106 2464 2482
 1 6 10 23 29 37 45 77 106 2482 2528
 1 6 10 23 29 37 45 106 2464 2482 2528
 1 6 10 23 29 37 77 106 2464 2482 2528
 1 6 10 23 29 39 45 57 77 106 2482
 1 6 10 23 29 39 45 57 106 2311 2464 2542
 1 6 10 23 29 39 45 57 106 2464 2482
 1 6 10 23 29 39 45 57 106 2482 2528
 1 6 10 23 29 39 45 77 106 2464 2482
 1 6 10 23 29 39 45 77 106 2482 2528
 1 6 10 23 37 39 45 57 77 106 2528
 1 6 10 23 37 39 45 57 106 2464 2482
 1 6 10 23 37 39 45 57 106 2464 2528
 1 6 10 23 37 39 45 77 106 2464 2482
 1 6 10 23 37 39 45 106 2458 2464 2482
 1 6 10 23 37 39 45 106 2464 2482 2528
 1 6 10 23 37 39 57 106 2464 2482 2528
 1 6 10 23 39 45 57 106 2464 2482 2528
 1 6 10 37 39 45 57 106 2458 2464 2482
 1 6 10 37 39 45 57 106 2464 2482 2528
 1 6 20 26 37 39 45 57 77 106 2458
 1 6 20 26 37 39 45 57 106 2482 2528
 1 6 20 26 37 39 45 106 2257 2458 2464 2482
 1 6 20 26 37 39 77 106 2458 2464 2542
 1 6 20 26 37 39 77 106 2458 2482 2528
 1 6 20 26 39 45 57 106 2257 2291 2464 2482 2528
 1 6 20 29 32 37 39 45 57 77 106
 1 6 20 29 37 39 45 57 106 2458 2464
 1 6 20 29 37 39 77 106 2458 2464 2542
 1 2 3 4 5 6 7 8 9 10 15 44 52 56 64 68 69 70 71 2270 2275
 1 2 3 4 5 6 8 9 15 21 24 56 68 69 71 78 83
 1 2 3 4 6 7 8 9 10 13 15 44 47 52 56 59 64
 1 2 3 4 6 7 8 9 15 21 24 27 30 44 56 78 83
 1 2 3 4 6 7 8 9 15 21 27 44 56 83 2250
 1 2 3 4 6 7 8 9 15 44 56 2250 2252
 1 2 3 4 6 7 10 11 13 14 15 36 38 44 56 58 59 63 64 2258 2263
 1 2 3 6 7 8 10 11 12 13 15 38 41 44 47 56 59
 1 2 3 6 7 8 10 11 12 15 24 30 33 38 44 56 78
 1 2 3 6 7 8 10 11 13 14 15 36 38 44 46 47 56 58 59 2258 2292
 1 2 3 6 7 8 10 11 13 15 33 38 44 47 56 59 2304
 1 2 3 6 7 8 10 12 15 24 30 44 56 78 2305
 1 2 3 6 8 10 12 15 24 56 78 2292 2305
 1 2 3 6 8 10 15 24 32 33 56 78 2292
 1 2 6 7 10 11 13 15 24 30 33 38 44 56 2257 2291 2304
 1 2 8 12 24 36 40 46 80 2249 2532
 1 2 8 12 24 36 40 46 2249 2255 2532
 1 2 8 12 24 36 40 46 2249 2305 2532
 1 2 8 12 24 36 40 80 2255 2305 2532
 1 6 10 15 23 29 30 32 78 2311 2328
