 1 6 10 13 15 16 20 23 25 106 2328 2528 2542
 1 6 10 13 15 16 20 23 26 106 2542
 1 6 10 13 15 16 20 23 37 78 106 2542
 1 6 10 13 15 16 20 26 37 78 106 2542
 1 6 10 13 15 16 20 26 39 83 106 2542
 1 6 10 13 15 16 20 29 32 106 2542
 1 6 10 13 15 16 20 29 37 78 106 2542
 1 6 10 13 15 16 20 29 45 90 106 2542
 1 6 10 13 15 16 20 37 39 78 83 106 2542
 1 6 10 13 15 16 20 37 57 78 99 106 2542
 1 6 10 13 15 16 20 37 78 106 2308 2458 2542
 1 6 10 13 15 16 20 37 78 106 2311 2464 2542
 1 6 10 13 15 16 20 39 83 106 2324 2482 2542
 1 6 10 13 15 16 37 39 78 83 106 2308 2458 2542
 1 6 10 13 15 37 39 45 57 78 83 90 99 106 2542 3603
 1 6 10 13 16 20 23 26 29 106
 1 6 10 13 16 20 23 26 37 106
 1 6 10 13 16 20 23 26 39 106
 1 6 10 13 16 20 23 37 39 106
 1 6 10 13 16 20 23 37 106 2458
 1 6 10 13 16 20 23 37 106 2464
 1 6 10 13 16 20 26 37 39 106
 1 6 10 13 16 20 26 37 40 106 2464
 1 6 10 13 16 20 26 37 106 2309 2458 2460
 1 6 10 13 16 20 26 39 45 106
 1 6 10 13 16 20 26 39 106 2482
 1 6 10 13 16 20 29 32 37 106
 1 6 10 13 16 20 22 29 37 106 2255 2458
 1 6 10 13 16 20 29 37 39 106
 1 6 10 13 16 20 29 37 45 106
 1 6 10 13 16 20 29 37 57 106
 1 6 10 13 16 20 29 37 58 106 2528
 1 6 10 13 16 20 29 37 106 2464
 1 6 10 13 16 20 29 37 106 2482
 1 6 10 13 16 20 29 45 57 106
 1 6 10 13 16 20 29 45 106 2528
 1 6 10 13 16 20 37 39 45 106
 1 6 10 13 16 20 37 39 57 106
 1 6 10 13 16 20 37 39 58 106 2528
 1 6 10 13 16 20 37 39 106 2458
 1 6 10 13 16 20 37 39 106 2464
 1 6 10 13 16 20 37 39 106 2482
 1 6 10 13 16 20 37 57 106 2458
 1 6 10 13 16 20 37 57 106 2464
 1 6 10 13 16 20 37 58 106 2291 2464 2528
 1 6 10 13 16 20 37 106 2464 2482
 1 6 10 13 16 20 39 45 57 106
 1 6 10 13 16 20 39 45 106 2464
 1 6 10 13 16 20 39 45 106 2528
 1 6 10 13 16 20 39 57 106 2464
 1 6 10 13 16 20 39 57 106 2482
 1 6 10 13 16 18 32 37 45 106 2249 2458
 1 6 10 13 16 32 37 39 45 106
 1 6 10 13 16 32 37 39 106 2335 2482
 1 6 10 13 16 32 37 45 106 2464
 1 6 10 13 16 37 39 45 57 106
 1 6 10 13 16 37 39 45 106 2458
 1 6 10 13 16 37 39 45 106 2482
 1 6 10 13 16 37 39 45 106 2528
 1 6 10 13 16 37 39 106 2458 2464
 1 6 10 13 16 37 39 106 2458 2482
 1 6 10 13 16 37 39 106 2304 2482 2528
 1 6 10 13 16 37 45 57 106 2458
 1 6 10 13 16 37 45 57 106 2464
 1 6 10 13 16 37 45 106 2458 2528
 1 6 10 13 16 37 45 106 2464 2482
 1 6 10 13 16 37 45 106 2464 2528
 1 6 10 13 37 39 45 57 106 2458
 1 6 10 13 37 39 45 106 2458 2464
 1 6 10 13 37 39 45 106 2458 2528
 1 6 10 16 20 26 37 40 46 106 2257 2329 2464 2482
 1 6 10 16 20 26 39 45 57 106
 1 6 10 16 20 26 39 45 106 2528
 1 3 6 10 16 20 29 32 37 106 2249 2255 2458
 1 6 10 16 20 29 32 37 39 106
 1 6 10 16 20 29 32 37 57 106
 1 6 10 16 20 29 32 37 58 106 2528
 1 6 10 16 20 29 32 37 106 2464
 1 6 10 16 20 29 32 39 45 106
 1 6 10 16 20 29 32 39 51 106 2482
 1 6 10 16 20 29 32 39 57 106
 1 6 10 16 20 29 32 39 106 2528
 1 6 10 16 20 29 32 57 77 106
 1 6 10 16 20 29 32 57 106 2542
 1 6 10 16 20 29 37 39 58 106 2528
 1 6 10 16 20 29 37 39 106 2255 2458
 1 6 10 16 20 29 37 45 57 106
 1 6 10 16 20 29 37 45 58 106 2356 2528
 1 6 10 16 20 29 37 45 106 2255 2458
 1 6 10 16 20 29 37 45 106 2334 2464
 1 6 10 16 20 29 37 57 77 106
 1 6 10 16 20 29 37 57 78 106 2542
 1 6 10 16 20 29 37 57 106 2255 2458
 1 6 10 16 20 29 37 57 106 2464
 1 6 10 16 20 29 37 57 106 2482
 1 6 10 16 20 29 37 58 106 2291 2464 2528
 1 6 10 16 20 29 37 58 106 2304 2482 2528
 1 6 10 16 20 29 37 106 2464 2482
 1 6 10 16 20 29 39 45 106 2528
 1 6 10 16 20 29 39 51 57 106 2348 2482
 1 6 10 16 20 29 39 51 106 2304 2482 2528
 1 6 10 16 20 29 45 57 106 2542
 1 6 10 16 20 29 45 106 2328 2528 2542
 1 6 10 16 20 37 39 45 57 106
 1 6 10 16 20 37 39 45 58 106 2528
 1 6 10 16 20 37 39 45 106 2458
 1 6 10 16 20 37 39 57 106 2482
 1 6 10 16 20 37 39 58 106 2458 2528
 1 6 10 16 20 37 39 106 2458 2482
 1 6 10 16 20 37 57 78 106 2458 2542
 1 6 10 16 20 37 57 106 2464 2482
 1 6 10 16 20 37 58 106 2291 2304 2464 2482 2528
 1 6 8 10 16 23 32 37 45 106 2249 2458
 1 6 8 10 16 23 32 37 77 106 2249 2458
 1 6 10 16 23 32 37 39 45 106
 1 6 10 16 23 32 37 39 106 2335 2482
 1 6 10 16 23 32 37 45 78 106 2542
 1 6 10 16 23 32 37 45 106 2464
 1 6 10 16 23 32 37 45 106 2528
 1 6 10 16 23 32 37 77 106 2464
 1 6 10 16 23 32 37 77 106 2482
 1 6 10 16 23 32 37 77 106 2528
 1 6 10 16 23 37 39 45 63 106 2528
 1 6 10 16 23 37 39 45 106 2458
 1 6 10 16 23 37 39 57 106 2458
 1 6 10 16 23 37 39 57 106 2464
 1 6 10 16 23 37 39 57 106 2482
 1 6 10 16 23 37 39 63 106 2464 2528
 1 6 10 16 23 37 39 106 2458 2464
 1 6 10 16 23 37 39 106 2458 2482
 1 6 10 16 23 37 45 78 106 2311 2464 2542
 1 6 10 16 23 37 45 106 2464 2528
 1 6 10 16 23 37 57 78 106 2311 2428 2464 2542
 1 6 10 16 23 37 77 106 2464 2528
 1 6 10 16 19 32 37 39 78 106 2251 2311 2371 2464 2542
 1 6 10 16 19 32 37 39 106 2251 2335 2464 2482
 1 6 10 16 37 39 45 106 2458 2464
 1 6 10 16 37 39 77 106 2458 2464
 1 6 10 23 29 32 37 39 45 106
 1 6 10 23 29 32 37 39 77 106
 1 6 10 23 29 32 37 39 106 2464
 1 6 10 23 29 32 37 39 106 2482
 1 6 10 23 29 32 37 77 106 2464
 1 6 10 23 29 32 37 106 2464 2482
 1 6 10 23 29 32 39 45 57 106
 1 6 10 23 29 32 39 45 106 2464
 1 6 10 23 29 32 39 45 106 2528
 1 6 10 12 23 29 37 39 78 106 2458 2542
 1 6 10 12 23 29 37 39 106 2458 2464
 1 6 10 23 29 37 39 45 57 106
 1 6 10 23 29 37 39 45 77 106
 1 6 10 23 29 37 39 45 106 2464
 1 6 10 23 29 37 39 45 106 2482
 1 6 10 23 29 37 39 45 106 2528
 1 6 10 23 29 37 39 77 106 2464
 1 6 10 23 29 37 39 77 106 2482
 1 6 10 23 29 37 39 106 2464 2482
 1 6 10 23 29 37 39 106 2482 2528
 1 6 10 23 29 37 45 57 77 106
 1 6 10 23 29 37 45 57 106 2464
 1 6 10 23 29 37 45 57 106 2482
 1 6 10 23 29 37 45 77 106 2464
 1 6 10 23 29 37 45 77 106 2482
 1 6 10 23 29 37 45 77 106 2528
 1 6 10 23 29 37 45 106 2464 2482
 1 6 10 23 29 37 45 106 2464 2528
 1 6 10 23 29 37 45 106 2482 2528
 1 6 10 23 29 37 77 106 2464 2482
 1 6 10 23 29 37 77 106 2482 2528
 1 6 10 23 29 37 106 2464 2482 2528
 1 6 10 23 29 39 45 57 77 106
 1 6 10 23 29 39 45 57 106 2464
 1 6 10 23 29 39 45 57 106 2482
 1 6 10 23 29 39 45 57 106 2542
 1 6 10 23 29 39 45 77 106 2464
 1 6 10 23 29 39 45 77 106 2482
 1 6 10 23 29 39 45 77 106 2528
 1 6 10 23 29 39 45 106 2311 2464 2542
 1 6 10 23 29 39 45 106 2464 2482
 1 6 10 23 29 39 45 106 2464 2528
 1 6 10 23 29 39 45 106 2324 2482 2542
 1 6 10 23 29 39 45 106 2482 2528
 1 6 10 23 29 39 77 106 2482 2528
 1 6 10 23 29 39 106 2324 2328 2482 2528 2542
 1 6 10 23 29 45 57 106 2324 2482 2542
 1 6 10 23 29 45 57 106 2482 2528
 1 6 10 23 37 39 45 57 77 106
 1 6 10 23 37 39 45 57 106 2464
 1 6 10 23 37 39 45 57 106 2528
 1 6 10 23 37 39 45 77 106 2464
 1 6 10 23 37 39 45 77 106 2528
 1 6 10 23 37 39 45 106 2458 2464
 1 6 10 23 37 39 45 106 2464 2482
 1 6 10 23 37 39 45 106 2464 2528
 1 6 10 23 37 39 57 106 2464 2482
 1 6 10 23 37 39 57 106 2464 2528
 1 6 10 23 37 39 57 106 2482 2528
 1 6 10 23 37 39 77 106 2464 2482
 1 6 10 23 37 39 77 106 2464 2528
 1 6 10 23 37 39 106 2464 2482 2528
 1 6 10 23 37 57 106 2464 2482 2528
 1 6 10 23 37 77 106 2464 2482 2528
 1 6 10 23 39 45 57 77 106 2528
 1 6 10 23 39 45 57 106 2464 2482
 1 6 10 23 39 45 57 106 2464 2528
 1 6 10 23 39 45 77 106 2464 2482
 1 6 10 37 39 45 57 78 106 2458 2542
 1 6 10 37 39 45 57 106 2458 2464
 1 6 10 37 39 45 57 106 2464 2482
 1 6 10 37 39 45 106 2458 2464 2482
 1 6 10 37 39 45 106 2458 2464 2528
 1 6 10 37 39 45 106 2464 2482 2528
 1 6 10 39 45 57 106 2464 2482 2528
 1 6 20 26 37 39 45 57 77 106
 1 6 20 26 37 39 45 57 106 2458
 1 6 20 26 37 39 45 57 106 2482
 1 6 20 26 37 39 45 57 106 2542
 1 6 20 26 37 39 45 106 2458 2464
 1 6 20 26 37 39 45 106 2257 2464 2482
 1 6 20 26 37 39 45 106 2464 2542
 1 6 20 26 37 39 77 106 2458 2464
 1 6 20 26 37 39 77 106 2458 2482
 1 6 20 26 37 39 77 106 2464 2542
 1 6 20 26 37 39 77 106 2482 2528
 1 6 20 26 37 39 106 2257 2291 2464 2482 2528
 1 6 20 26 37 106 2038 2257 2291 2324 2328 2464 2482 2528 2542
 1 6 20 26 39 45 57 106 2257 2464 2482
 1 6 20 26 39 45 57 106 2464 2542
 1 6 20 26 39 45 57 106 2482 2528
 1 3 6 20 29 32 37 39 45 106 2458
 1 3 6 20 29 32 37 39 77 106 2458
 1 3 6 20 29 32 37 57 106 2458 2542
 1 6 20 29 32 37 39 45 57 106
 1 6 20 29 32 37 57 106 2464 2482
 1 6 20 29 37 39 45 57 77 106
 1 6 20 29 37 39 45 57 106 2458
 1 6 20 29 37 39 45 106 2458 2464
 1 6 20 29 37 39 77 106 2254 2458 2482
 1 6 20 29 37 39 77 106 2458 2464
 1 6 20 29 37 39 77 106 2458 2542
 1 6 20 29 37 39 77 106 2482 2528
 1 6 20 29 37 39 106 2254 2458 2482 2528
 1 6 20 29 37 45 57 106 2458 2542
 1 6 20 29 37 45 57 106 2464 2542
 1 6 20 29 37 45 68 77 106 2324 2482 2542
 1 6 20 29 37 45 68 106 2324 2464 2482 2542
 1 6 20 29 37 45 77 106 2458 2542
 1 6 20 29 37 57 77 106 2464 2542
 1 6 20 37 39 45 57 106 2458 2464
 1 6 20 37 39 45 57 106 2458 2528
 1 6 20 37 39 45 57 106 2464 2482
 1 6 20 37 39 45 57 106 2482 2528
 1 6 20 37 39 45 106 2458 2464 2482
 1 6 20 37 39 45 106 2458 2464 2542
 1 6 20 37 39 57 106 2291 2458 2464 2528
 1 6 20 37 39 57 106 2291 2464 2482 2528
 1 6 20 37 39 77 106 2458 2464 2542
 1 6 20 37 39 77 106 2458 2482 2528
 1 6 32 37 39 45 57 106 2482 2528
 1 6 32 37 39 45 77 106 2482 2528
 1 6 32 37 39 45 106 2458 2482 2528
 1 6 32 37 45 57 106 2458 2482 2528
 1 6 32 37 45 57 106 2464 2482 2528
 1 6 32 45 57 77 87 106 2324 2328 2482 2528 2542
 1 6 37 39 45 57 106 2458 2464 2542
 1 2 3 4 5 6 7 8 9 15 44 56 68 69 70 71 2275
 1 2 3 4 5 6 7 8 10 15 44 56 64 69 70 71 2275
 1 2 3 4 5 6 7 8 13 15 44 47 56 59 69 70 71 2273 2275
 1 2 3 4 5 6 8 9 15 21 56 68 69 71 83
 1 2 3 4 5 6 8 15 24 56 69 71 78 2292 2354
 1 2 3 4 6 7 8 9 10 15 44 52 56 64
 1 2 3 4 6 7 8 9 15 21 27 44 56 83
 1 2 3 4 6 7 8 9 15 44 56 2250
 1 2 3 4 6 7 8 10 13 15 44 47 56 59 64
 1 2 3 4 6 7 10 11 13 15 38 44 56 59 63 64 2263
 1 2 3 4 6 8 9 15 21 24 56 78 83
 1 2 3 4 6 8 9 15 21 56 83 2250
 1 2 3 4 6 8 9 15 56 2250 2252
 1 2 3 4 6 8 10 12 15 24 56 62 64 78
 1 2 3 4 6 8 15 21 24 56 78 83 2292
 1 2 3 4 6 8 15 27 28 56 2289
 1 2 3 4 6 10 11 12 13 15 38 41 56 59 62 63 64 2261 2263
 1 2 3 4 10 11 12 13 14 15 36 38 40 41 56 58 59 62 63 64 2258 2261 2262 2263 2305 2339
 1 2 3 6 7 8 10 11 12 15 38 44 56
 1 2 3 6 7 8 10 11 13 15 38 44 47 56 59
 1 2 3 6 7 8 10 11 15 33 38 44 56
 1 2 3 6 7 8 10 11 15 38 44 56 2250
 1 2 3 6 7 8 10 12 15 24 30 44 56 78
 1 2 3 6 7 8 10 12 15 35 44 56 2259 2293
 1 2 3 6 7 8 10 12 15 44 56 2305
 1 2 3 6 7 8 10 13 14 15 36 44 46 47 56 58 59 2258 2292
 1 2 3 6 7 8 10 13 15 44 47 56 59 68 2270
 1 2 3 6 7 8 10 13 15 44 47 56 59 2250 2313
 1 2 3 6 7 8 10 15 32 35 44 56 2259 2293
 1 2 3 6 7 8 15 21 24 27 30 44 56 78
 1 2 3 6 7 8 15 21 24 30 44 56 68 78
 1 2 3 6 7 8 15 21 27 44 56 2250
 1 2 3 6 7 8 15 21 44 56 68 2250
 1 2 3 6 7 10 11 13 14 15 36 38 44 56 58 59 2258
 1 2 3 6 7 10 12 13 15 35 41 44 56 59 2259
 1 2 3 6 8 10 12 15 24 56 78 2292
 1 2 3 6 8 10 12 15 56 2250 2256
 1 2 3 6 8 10 15 24 32 33 56 78
 1 2 3 6 8 10 15 32 33 56 2292
 1 2 6 7 10 11 13 15 24 30 38 44 56 2257 2291
 1 2 6 7 10 11 15 24 30 33 38 44 56
 1 2 6 7 10 11 15 24 38 44 56 62 69
 1 2 6 7 10 12 15 23 24 29 30 35 44 56
 1 2 6 7 10 12 15 24 30 44 56 2305
 1 2 6 7 10 15 21 24 27 30 44 56 2254 2288
 1 2 6 7 10 15 24 44 56 62 69 2339
 1 2 6 8 9 15 21 24 56 2292 2297
 1 2 6 8 10 12 15 24 56 2292 2305
 1 2 6 8 10 12 15 56 2250 2256 2290
 1 2 6 8 10 15 24 32 33 56 2292
 1 2 6 8 10 15 24 56 62 2289 3104
 1 2 8 12 24 36 40 46 80 2532
 1 2 8 12 24 36 40 46 2249 2532
 1 2 8 12 24 36 40 80 2249 2532
 1 2 8 12 24 36 40 80 2255 2532
 1 2 8 12 24 36 40 2249 2292 2532
 1 2 8 12 24 40 46 2249 2305 2532
 1 2 8 12 24 40 80 2255 2305 2532
 1 6 10 15 23 29 30 32 78 2328
 1 6 10 15 23 29 30 32 2311 2328
