 1 6 10 13 15 16 20 23 25 26 27 106 2288 2308 2328 2458 2528 2542
 1 6 10 13 15 16 20 23 25 26 30 106 2291 2311 2328 2464 2528 2542
 1 6 10 13 15 16 20 23 26 29 32 106 2542
 1 6 10 13 15 16 20 23 26 29 37 78 106 2542
 1 6 10 13 15 16 20 23 26 28 37 78 106 2289 2308 2309 2458 2460 2542
 1 6 10 13 15 16 20 23 26 37 39 78 83 106 2542
 1 6 10 13 15 16 20 23 26 37 40 78 106 2305 2311 2464 2542
 1 6 10 13 15 16 20 23 26 39 45 83 90 106 2393 2542
 1 6 10 13 15 16 20 23 26 39 83 106 2324 2482 2542
 1 6 10 13 15 16 20 23 37 39 45 78 83 90 106 2542
 1 6 10 13 15 16 20 23 37 39 78 83 106 2308 2458 2542
 1 6 10 13 15 16 20 23 37 39 78 83 106 2324 2482 2542
 1 6 10 13 15 16 20 24 26 37 40 46 78 106 2257 2292 2305 2311 2324 2329 2464 2482 2530 2542
 1 6 10 13 15 16 20 26 39 45 83 90 106 2328 2393 2528 2542
 1 6 10 13 15 16 20 29 32 37 57 78 99 106 2542
 1 6 10 13 15 16 20 29 32 37 78 106 2311 2464 2542
 1 6 10 13 16 20 23 26 29 37 39 106
 1 6 10 13 16 20 23 26 29 37 40 106 2464
 1 6 10 13 16 20 23 26 28 37 39 106 2289 2309 2458 2460
 1 6 10 13 16 20 23 26 37 39 45 106
 1 6 10 13 16 20 23 26 37 39 46 106 2482
 1 6 10 13 16 20 23 26 37 40 46 106 2257 2329 2464 2482
 1 6 10 13 16 20 23 37 39 45 106 2458
 1 6 10 13 16 20 23 37 39 106 2458 2464
 1 6 10 13 16 20 23 37 39 106 2458 2482
 1 6 10 13 16 20 26 37 39 46 58 106 2304 2312 2482 2528
 1 6 10 13 16 20 26 37 39 46 106 2309 2458 2460 2482
 1 6 10 13 16 20 29 32 37 39 45 106
 1 6 10 13 16 20 29 32 37 39 51 106 2335 2482
 1 6 10 13 16 20 29 32 37 57 106 2464
 1 6 10 13 16 20 22 29 37 39 45 106 2255 2458
 1 6 10 13 16 20 22 29 37 39 50 106 2255 2295 2458 2464
 1 6 10 13 16 20 22 29 37 39 51 106 2254 2255 2458 2482
 1 6 10 13 16 20 22 29 37 39 57 106 2255 2327 2458
 1 6 10 13 16 20 22 29 37 39 58 106 2255 2458 2528
 1 6 10 13 16 20 22 29 37 45 58 106 2255 2356 2458 2528
 1 6 10 13 16 20 29 37 39 51 58 106 2304 2482 2528
 1 6 10 13 16 20 29 37 45 57 106 2334 2464
 1 6 10 13 16 20 29 37 57 106 2464 2482
 1 6 10 13 16 20 37 39 45 57 106 2458
 1 6 10 13 16 20 37 39 45 57 106 2464
 1 6 10 13 16 20 37 39 45 58 106 2291 2464 2528
 1 6 10 13 16 20 37 39 45 58 106 2458 2528
 1 6 10 13 16 20 37 39 45 106 2458 2464
 1 6 10 13 16 20 37 39 45 106 2464 2482
 1 6 10 13 16 20 37 39 57 106 2458 2482
 1 6 10 13 16 20 37 39 57 106 2464 2482
 1 6 10 13 16 20 37 39 58 106 2291 2304 2464 2482 2528
 1 6 10 13 16 37 39 45 57 106 2458 2464
 1 6 10 13 16 37 39 45 106 2458 2464 2482
 1 6 10 13 16 37 39 45 106 2458 2464 2528
 1 6 10 13 37 39 45 57 106 2458 2464 2482
 1 3 6 10 16 20 29 32 37 57 78 106 2249 2255 2458 2542
 1 6 10 16 20 29 32 37 57 77 106 2464
 1 6 10 16 20 29 32 37 57 78 106 2311 2464 2542
 1 6 10 16 20 29 32 37 57 106 2464 2482
 1 6 10 16 20 29 32 37 58 106 2291 2304 2464 2482 2528
 1 6 10 16 20 29 32 39 45 106 2328 2528 2542
 1 6 10 16 20 29 32 39 51 57 106 2324 2348 2482 2542
 1 6 10 23 29 32 37 39 45 57 77 106
 1 6 10 23 29 32 37 39 45 57 106 2464
 1 6 10 23 29 32 37 39 45 77 106 2464
 1 6 10 23 29 32 37 39 45 77 106 2528
 1 6 10 23 29 32 37 39 45 106 2464 2482
 1 6 10 23 29 32 37 39 45 106 2464 2528
 1 6 10 23 29 32 37 39 77 106 2464 2482
 1 6 10 23 29 32 37 39 77 106 2482 2528
 1 6 10 23 29 32 37 39 106 2464 2482 2528
 1 6 10 23 29 32 37 77 106 2464 2482 2528
 1 6 10 23 29 32 39 45 57 106 2464 2482
 1 6 10 23 29 37 39 45 57 77 106 2482
 1 6 10 23 29 37 39 45 57 106 2464 2482
 1 6 10 23 29 37 39 45 77 106 2464 2482
 1 6 10 23 29 37 39 45 106 2464 2482 2528
 1 6 10 23 29 37 39 77 106 2464 2482 2528
 1 6 10 23 29 37 45 57 106 2464 2482 2528
 1 6 10 23 29 39 45 57 77 106 2482 2528
 1 6 10 23 29 39 45 57 106 2464 2482 2528
 1 6 10 23 37 39 45 57 106 2464 2482 2528
 1 2 3 4 5 6 7 8 9 10 13 15 44 47 52 56 59 64 68 69 70 71 2270 2273 2275
 1 2 3 6 7 8 10 11 12 13 14 15 36 38 40 41 44 46 47 56 58 59 2258 2292 2305
 1 2 8 12 24 36 40 46 80 2249 2255 2532
 1 2 8 12 24 36 40 46 80 2249 2305 2532
