 1 1 6 6 125 132 125 125 126 126 126 132 132 231 231 231 407 407 407 407 776 407 407 407 407 407 407 763 844
 1 2 10 1 3 1 2 3 2 7 28 111 10 10 10 13 13 24 16 16 24 27 27 82 27 27 28 52 52 82 111 179 179 261 261 269 269 274 274 307 307 308 308 380 381 380 386 380 380 381 381 387 381 381 381 386 386 386 387 770 770 771 827 827 859 877 970
 1 4 11 1 5 1 1 1 1 5 24 7 34 7 11 19 11 18 11 18 19 23 23 26 24 26 34 38 38 38 38 105 105 124 131 124 127 127 131 160 160 182 182 190 190 195 195 227 227 227 227 274 274 290 290 296 296 381 381 381 381 408 408 765 765 767 774 833 853 967
 2 4 12 2 9 9 9 9 43 12 35 35 43 47 47 55 55 60 60 109 109 168 168 207 207 285 285 309 309 349 382 349 349 349 349 349 349 349 361 361 361 361 361 361 361 361 361 361 361 361 361 361 361 361 382 545 550 545 550 566 567 735 738
 2 5 13 2 2 6 2 2 2 4 19 5 6 23 6 6 13 19 23 40 40 49 61 49 49 49 50 50 62 50 50 61 62 65 65 66 66 75 102 75 102 102 102 111 111 112 112 139 139 143 143 180 180 190 190 220 220 225 225 263 263 386 387 386 386 386 386 386 386 386 387 408 408 408 408 408 408 411 816 411 411 411 461 461 764 764 816 836 836 842 843 851 858 876
 3 14 8 30 115 14 30 114 53 53 114 115 129 129 271 271 387 415 405 405 415 415 415 415 862 415 415 415 415 870 756 862
 3 4 15 3 5 3 3 4 15 29 29 39 39 56 56 57 57 63 63 64 64 85 85 90 90 91 91 141 141 150 150 174 174 183 183 233 233 246 246 265 265 273 273 382 382 387 387 387 686 387 401 401 411 411 411 411 428 428 429 429 429 429 429 432 432 466 466 686 846 846 850 864 865 865 869 981
 3 16 3 6 68 3 3 5 5 26 6 6 6 16 26 31 31 65 65 66 66 67 67 67 67 68 68 68 86 86 87 87 92 92 92 92 108 108 144 144 158 158 160 160 229 229 234 234 270 270 408 408 408 408 839 839 840 855 871
 4 5 7 17 4 7 7 7 17 36 36 45 45 70 94 70 71 71 95 94 95 171 101 101 148 148 152 152 171 172 172 194 194 211 211 240 240 257 257 294 294 300 300 380 380 380 380 380 380 380 380 382 382 382 382 387 387 387 387 398 398 429 429 429 429 429 435 435 437 437 681 681 685 685 847 861 861 867 946 946 966 975
 4 6 18 75 18 74 46 46 74 74 74 75 108 108 179 134 134 135 135 179 214 214 252 252 381 381 460 460 828 831
 4 20 7 9 32 7 9 9 164 9 42 201 9 9 20 32 42 76 103 76 103 153 153 163 163 164 185 185 188 188 201 216 216 279 279 349 349 349 349 349 349 349 349 546 547 547 551 551 552 712 720
 4 8 21 4 5 22 5 8 8 8 8 37 8 8 8 21 22 37 77 104 77 78 78 80 80 98 98 104 181 106 106 154 154 155 155 157 157 159 159 173 173 181 187 187 219 219 224 224 258 258 259 259 299 299 367 367 367 387 367 367 367 367 367 367 367 367 367 382 382 382 382 384 384 387 411 411 467 467 630 630 660 660 666 667 668 671 671 675 675 866 866 874 936
 5 25 25 81 81 107 107 161 161 196 196 228 228 411 824 411 825 429 433 433 476 476 825 984
 7 33 7 8 121 8 33 119 44 44 119 120 120 121 189 189 191 191 287 287 288 288 315 315 325 325 367 367 367 380 380 380 380 387 406 406 648 648 741 742 834 923 923
 9 41 198 41 197 197 198 340 340 340 340 340 340 340 340 340 340 340 340 340 340 340 340 483 493
 10 10 14 14 315 316 344 373 344 345 344 345 345 357 345 348 348 348 348 357 357 357 373 373 494 578 494 494 494 609 790
 10 11 12 10 12 15 12 49 69 51 70 70 74 74 74 74 76 192 209 213 343 348 365 343 348 348 348 348 348 348 348 351 351 351 365 583 624 695 696
 10 13 10 10 10 11 15 11 13 16 53 189 257 260 313 365 371 365 371 388 388 389 389 389 420 420 420 604 614 783
 11 17 11 22 128 204 288 327 365 514 410 410 410 514 514 599 780
 11 20 24 44 129 320 505 505 505 744
 11 21 11 25 130 208 300 328 365 511 365 511 511 601 603
 12 13 17 12 12 18 54 56 163 241 354 354 385 444 697
 12 21 47 12 12 19 13 47 47 59 47 47 77 47 50 73 50 57 71 75 168 184 185 185 185 185 206 253 253 353 360 353 355 355 355 355 355 355 360 360 360 360 360 360 360 366 366 369 369 383 530 540 555 559
 12 20 48 47 48 48 48 58 48 48 72 48 48 48 76 48 48 48 109 122 197 197 275 197 197 199 275 336 338 336 336 336 336 336 336 336 336 336 336 336 336 336 336 336 337 338 337 337 337 337 337 337 337 338 338 486 491 504 508
 13 22 49 13 23 49 63 63 67 67 71 138 221 224 388 388 403 403 403 410 410 410 410 410 410 412 794 412 413 413 413 778 898
 13 25 50 13 26 50 64 68 148 235 273 414 414 421 421 446 817
 14 15 51 14 52 14 16 14 53 14 14 14 14 51 52 191 258 262 314 371 377 543 377 377 377 417 417 417 425 425 543 659 911 923
 15 20 58 20 27 24 27 27 28 33 27 30 28 30 109 58 82 109 114 120 111 114 179 179 257 262 302 302 303 303 305 343 350 370 343 344 344 344 344 344 344 350 350 350 350 350 350 350 353 353 354 354 359 359 370 577 659 743 753
 15 17 54 29 54 54 56 63 70 54 84 93 93 133 94 166 240 242 293 448 448 448 457 457 458 458 458 458 953 955
 15 16 55 17 28 23 63 28 83 28 28 55 63 64 83 94 102 95 108 174 99 102 103 103 105 108 169 194 174 194 243 247 297 310 366 371 366 371 412 412 420 420 420 420 420 420 619 901 974
 15 18 56 16 22 61 18 22 29 84 29 61 86 172 176 244 247 259 385 385 400 400 412 412 803 435 435 620 865
 15 19 57 16 19 25 62 25 31 89 31 62 83 90 95 83 87 111 87 111 112 141 142 145 148 160 193 212 228 228 256 383 402 402 402 402 402 402 413 418 413 413 413 413 413 418 799 821 980
 15 21 59 31 59 89 186 233 247 252 252 256 258 254 258 369 520 369 443 478 478 478 478 520 520 520 520 520 525 525 657 979
 15 60 16 21 30 26 64 30 88 30 30 60 88 91 91 149 153 153 233 301 311 371 371 414 414 425 425 437 663 665 946 946
 16 65 23 29 85 95 228 250 251 416 416 416 427 427 438 438 881
 16 66 26 31 90 194 194 266 914 960 960 960 960 960 960
 17 22 32 69 32 93 69 93 147 202 286 287 384 390 420 420 420 435 435 454 454 582 582 599 627
 17 18 23 70 18 35 32 32 35 70 77 94 118 120 120 133 211 291 292 371 371 385 385 390 390 428 584 652 865
 17 19 26 71 19 39 34 34 95 98 145 169 176 189 189 261 289 383 421 421 421 421 428 430 430 685 799 804
 17 20 33 72 20 36 20 21 20 33 72 96 99 149 171 181 200 277 200 202 277 279 288 300 279 288 300 318 318 359 359 359 359 484 484 498 498 589 715
 17 21 24 24 33 96 33 35 38 35 39 38 42 42 150 171 324 434 434 527 527 664 685
 17 25 34 73 21 37 25 34 97 73 97 100 151 205 208 208 289 290 369 369 384 618 384 397 398 521 433 433 443 443 521 619 799
 18 20 76 19 20 36 105 136 141 163 165 227 227 274 278 278 285 285 505 505 505 505 505 505 707 724
 18 21 77 18 26 37 39 106 107 107 137 172 186 265 295 385 385 621
 19 21 78 19 40 23 37 40 71 73 73 78 81 81 100 104 104 140 170 225 370 370 383 394 394 394 394 399 399 431 431 630 632 634 651 651 838 838 878 878
 21 79 22 37 100 79 156 206 298 206 299 369 372 372 372 399 372 372 372 397 517 517 523 530 778
 22 23 35 35 71 78 121 121 121 123 121 123 138 219 298 374 378 374 374 378 378 378 412 430 430 700 700 733 773 773 866
 22 24 22 25 24 25 36 99 38 38 39 40 40 45 45 158 181 205 434 434 651 681 651 814
 22 26 80 39 101 101 146 177 191 271 414 917
 23 24 24 26 36 103 141 284 526 526 903
 23 25 81 25 26 39 40 40 80 80 81 95 97 178 97 98 142 193 229 412 798 412 799 414 414 431 431 432 825 825
 27 29 36 27 27 31 27 29 31 38 110 112 169 243 257 272 273 274 273 274 383 403 403 403 403 403 403 883 962 973
 28 29 32 110 28 29 35 54 55 61 69 54 59 69 110 94 96 131 134 165 183 201 201 201 201 203 243 248 248 301 305 326 326 378 378 378 378 390 390 392 721 830 959
 28 31 34 112 28 31 40 61 62 105 132 131 132 134 132 144 132 195 214 229 261 391 391 391 391 391 391 423 423 423 423 423 423 423 423 424 424 424 424 424 424 424 424 765 832 907
 29 30 37 113 29 39 30 30 31 116 30 31 84 89 113 116 136 136 149 177 233 249 234 234 237 237 249 259 262 265 271 271 272 301 399 399 426 426 669 918 918 947
 32 35 41 41 41 162 41 41 41 72 122 122 216 309 317 317 342 342 342 342 482 482 482 482 482 482 482 482 482 486 545 489 548
 32 33 36 42 117 32 37 118 33 42 117 166 186 202 281 294 390 390 398 527 527 576 576 585 660
 32 34 38 36 38 42 165 44 44 44 44 187 195 722
 32 39 43 34 43 43 167 99 165 167 203 180 184 192 192 269 309 549 679 849
 33 44 122 192 321 325 359 490 490 503 541 541 541
 33 34 45 33 34 123 36 37 45 118 123 204 176 193 204 283 283 296 398 399 399 577 610 648 648 650
 34 40 46 46 180 231 424 424 424 424 761 761 761 827 829
 35 36 40 42 69 118 69 73 169 203 214 378 378 378 378 432 527 527 551 551 551 551 577 598 725 765
 35 37 40 43 43 43 73 79 123 79 123 206 170 220 379 379 379 379 397 528 528 549 549 550 554 764 766
 36 39 45 93 97 166 177 246 432 453 453 453 453 681 952
 37 38 45 175 196 654
 37 39 46 46 178 46 46 100 176 270 397 443 613 846 846
 41 42 199 41 200 41 41 43 482 492 482 568
 42 44 202 42 45 44 44 45 44 204 208 527 579 648
 42 43 203 43 205 43 46 45 45 46 46 46 206 549 689 827
 47 79 47 78 47 49 223 223 360 362 360 360 360 362 362 363 363 363 363 363 363 363 363 363 363 363 363 368 368 372 534 368 370 370 372 372 388 541 541 541 573
 49 49 78 222 373 373 373 373 373 374 373 374 374 376 376 376 404 376 388 388 404 404 404 417 417 417 729 739 782 788 788 788 788
 49 80 49 50 81 50 50 50 57 65 67 67 81 156 157 226 388 388 402 402 402 409 418 409 409 409 409 409 418 419 419 419 468 884 897
 51 58 82 115 119 129 260 304 320 325 331 343 345 368 345 345 345 345 345 345 345 345 345 345 345 353 368 368 745 754
 51 52 54 51 55 54 60 62 73 83 83 124 85 95 113 113 133 135 152 164 135 135 135 136 153 164 164 164 167 167 212 218 218 262 312 377 377 377 377 425 425 436 436 711 965 971
 51 53 56 51 84 86 128 128 173 245 264 384 400 413 413 413 428 445 465 465 663 916
 51 57 51 53 85 88 104 87 87 88 115 89 113 113 115 115 115 130 130 142 146 157 226 402 402 402 419 419 419 449 452 452 452 452 452 452 452 452 465 465 477 477 477 477 477 477 758 918 928
 51 59 51 60 52 88 88 127 90 188 256 312 377 377 377 377 437 460 460 460 460 471 471 543 659 543 547 547 547 547 706
 52 61 86 125 125 125 182 263 423 423 423 423 473 473 473 473 473 473 770 775
 52 62 87 126 124 126 135 126 126 126 126 126 127 126 126 422 422 422 422 422 422 422 422 422 422 422 422 460 969
 52 53 63 52 53 65 63 68 64 68 84 85 98 101 101 142 124 124 268 272 418 418 421 421 421 421 436 436 437 466 466 883 883 887
 52 64 52 53 53 66 89 90 91 91 92 92 92 92 127 127 152 154 272 438 438 438 438 471 471 946 946 948
 53 67 64 67 80 128 146 232 232 409 409 410 409 410 410 477 477 477 918 920
 53 68 91 91 130 155 237 421 906
 54 57 64 71 54 84 85 95 97 97 137 133 148 177 235 235 301 447 447 447 447 450 450 950
 54 58 72 58 59 96 110 110 117 116 136 162 239 239 242 254 312 318 319 319 319 319 322 322 323 323 331 331 335 335 335 335 335 335 346 346 346 346 352 352 591 709 736
 55 56 65 55 70 70 75 71 75 82 85 103 82 90 103 105 110 110 111 111 148 160 171 205 212 233 244 254 256 306 369 371 369 371 383 389 389 389 389 389 389 620 899 978
 55 57 66 55 71 98 102 102 111 111 112 154 170 181 190 190 255 259 370 371 370 371 374 374 374 374 374 374 412 416 412 414 414 416 416 416 416 416 427 427 632 635 958
 55 58 58 60 72 103 153 162 164 188 198 198 198 280 198 198 198 198 200 198 198 280 319 342 342 342 342 342 342 342 342 342 342 342 342 487 547 592 596
 55 59 62 73 112 104 138 159 187 226 258 368 376 418 368 368 368 368 371 368 376 376 376 376 376 376 376 376 376 376 376 383 723 938
 56 67 74 74 74 77 74 147 215 365 365 465 520 611 520 520 615
 56 68 75 57 68 75 85 86 98 107 107 139 151 157 157 178 236 236 256 383 414 414 426 426 433 433 462 462 686 800
 56 58 76 57 58 58 58 76 82 83 96 82 88 83 88 109 99 105 109 109 110 113 118 109 110 112 113 141 149 168 168 171 233 239 240 252 278 239 279 240 241 241 245 247 252 252 253 257 252 254 253 278 280 279 280 280 280 291 300 300 306 324 343 353 366 343 369 343 343 351 351 351 351 351 351 353 353 353 366 369 584 663 699 701 748 751
 56 59 77 59 64 84 86 100 106 134 134 145 147 147 236 236 297 366 384 366 384 392 401 401 428 441 441 462 462 525 525 616 620
 56 60 60 66 77 101 101 108 108 113 113 114 114 114 114 152 174 174 188 188 245 427 427 466 466 543 543 676
 57 59 78 59 61 63 65 61 63 75 77 75 78 100 140 104 104 106 139 255 370 370 383 396 396 396 396 400 400 426 426 463 463 474 474 635 637 660 673 673
 57 60 60 65 78 80 115 115 115 116 115 116 155 226 264 374 374 374 377 377 377 377 418 436 436 467 471 471 717 717 731
 59 60 79 61 79 116 106 143 116 184 207 207 207 255 379 379 379 379 392 461 472 472 537 537 544 544 545 557
 61 64 66 80 61 80 89 90 107 144 107 108 108 145 154 183 427 427 474 474 823 865
 62 63 81 62 66 98 102 102 140 154 416 417 416 418 416 417 417 417 417 417 418 421 421 438 438 463 878 954
 62 64 62 65 81 81 85 87 92 102 87 89 92 142 151 161 161 230 230 230 230 230 230 418 419 418 419 419 419 419 419 462 890 983
 65 68 66 68 87 90 161 161 238 475 475 475 475 475 475 894
 66 67 159 475 475 475 932 960 960 960
 69 70 69 70 72 76 72 119 76 78 117 117 119 119 119 209 210 210 257 260 258 262 276 286 315 315 315 315 343 346 343 344 346 344 344 344 344 344 346 484 346 346 346 346 346 352 352 484 495 576 576 581 659 694
 69 71 80 69 95 96 99 103 103 104 118 121 121 121 121 189 204 215 247 260 389 389 389 420 420 420 439 439 439 439 455 510 510 599 603 747 806
 69 72 117 79 117 199 199 276 199 213 305 321 330 330 330 330 330 331 330 347 347 347 347 347 347 347 347 352 485 485 485 485 486 535 535 537 535 535 575 693
 70 73 81 73 77 99 105 142 186 212 228 240 258 258 306 366 366 441 478 478 478 478 511 511 511 511 511 511 521 521 655 982
 71 72 72 76 77 76 93 94 162 93 163 118 120 120 162 163 202 217 217 240 241 245 257 240 242 247 241 259 277 277 281 288 288 343 343 343 343 352 354 352 354 354 354 358 358 498 498 582 582 587 663 703
 72 73 118 200 218 278 306 322 331 331 346 358 346 346 346 484 484 487 487 487 487 576 588 717 726
 75 76 94 168 203 218 233 248 239 274 312 350 350 350 350 359 359 434 727 728
 77 79 79 80 100 106 173 184 184 221 264 366 372 392 372 372 372 400 372 372 468 513 513 522 540
 78 79 79 222 370 372 372 374 375 375 379 375 375 375 375 375 375 375 375 375 375 375 375 375 375 375 375 375 375 379 379 379 395 395 534 553 553 572 769 769 782
 82 84 99 82 89 83 85 94 83 86 110 110 112 131 131 138 138 139 150 170 233 234 234 235 243 235 235 235 240 240 251 250 251 290 254 255 260 260 261 266 266 284 284 289 294 392 399 396 396 396 396 397 399 400 400 902 912 957
 82 86 105 82 87 112 132 132 132 139 132 158 225 234 252 252 290 296 391 391 391 391 393 393 393 393 393 393 393 393 839 904
 83 84 93 110 133 175 236 242 249 282 249 267 289 267 282 301 334 334 976 977
 83 89 97 112 140 196 212 230 225 226 226 230 228 228 229 230 230 230 230 233 250 234 234 238 235 235 236 246 238 394 394 426 426 431 431 893 951
 84 87 98 85 89 91 91 135 135 135 137 155 135 140 151 155 238 267 267 436 436 465 465 941
 84 88 100 113 88 89 116 113 116 137 145 178 236 245 236 237 255 237 264 238 238 251 251 256 264 267 267 267 267 268 312 312 447 447 447 447 449 449 462 462 643 663 929
 84 90 91 101 137 152 237 237 437 448 448 448 466 946 963
 86 88 106 114 88 90 114 114 116 114 116 144 146 146 183 237 237 268 272 400 400 401 401 474 474 659 674 862 862
 86 89 107 91 143 143 156 156 238 238 251 263 472 819 872
 86 90 108 92 92 144 159 159 238 913
 93 95 101 167 93 98 164 99 101 103 164 164 166 191 164 167 191 245 262 282 425 425 521 961
 93 96 99 117 165 93 100 118 166 117 203 165 169 177 202 203 282 244 281 282 322 286 286 289 292 305 322 322 322 441 441 457 457 457 457 582 582 584 638 645
 94 96 103 106 120 172 117 117 201 120 201 201 202 323 201 242 282 293 323 390 390 525 649
 94 104 169 96 105 119 118 119 119 119 138 146 224 243 257 288 331 331 332 332 366 403 403 403 445 459 459 459 459 459 459 459 459 514 514 514 514 514 514 524 524 746 918 924
 94 97 170 97 107 173 98 99 105 107 131 137 175 131 140 173 175 175 175 193 211 212 228 219 219 289 228 259 266 266 295 310 392 430 430 603 603 815 937
 95 177 96 105 106 120 123 120 123 131 133 165 131 145 165 172 211 240 240 243 259 283 249 249 287 283 287 289 291 305 392 400 400 599 599 672 826
 96 122 122 162 165 199 184 199 199 248 277 321 321 323 322 323 485 502 594
 96 97 175 97 123 176 99 100 118 205 123 170 175 175 175 178 203 203 306 250 283 298 283 284 284 289 295 298 324 440 440 440 440 455 455 584 619 640 807
 98 100 104 180 180 263 383 384 395 404 395 404 404 404 404 404 404 404 404 404 404 404 414 421 421 468 644 778 794 884
 100 101 106 107 182 178 182 268 392 441 476 476 476 476 476 602 861
 102 104 388 388 409 409 409 410 410 410 464 759 779 888
 106 108 183 267 661
 109 111 115 121 258 304 348 360 348 348 348 355 355 355 360 360 360 365 365 388 528 537 760
 109 112 116 123 109 181 253 259 285 285 350 383 350 350 350 362 362 362 362 362 362 385 434 700 717 737
 117 118 122 202 122 122 123 122 281 291 352 352 358 358 444 470 470 470 470 470 470 485 485 486 486 499 539 539 540
 119 120 122 121 122 286 343 347 354 372 347 347 347 356 356 372 372 539 507 624
 124 128 133 124 128 148 138 157 191 193 314 402 402 402 406 406 406 406 436 437 449 799 918 927
 124 125 134 125 139 125 180 182 308 308 391 391 461 473 473 762 762 764 768
 124 127 129 136 129 153 129 129 141 160 187 188 708
 124 130 137 124 127 140 127 130 154 130 130 155 142 151 152 155 161 161 268 436 436 437 467 467 471 471 878 878 882
 125 127 143 125 144 125 473 473 772
 127 145 127 128 128 152 146 159 471 820 923
 128 147 469 480 480 480 480 480 480 480 480 480 480 480 480 512 513 515
 128 129 149 128 130 150 129 129 130 129 158 651 671 713
 128 151 130 130 156 449 452 452 452 452 469 469 469 779 884 919
 131 135 132 143 220 234 269 473 762 908
 131 136 164 165 201 182 216 284 564 786
 133 138 147 162 162 209 241 241 242 244 260 264 276 286 291 327 327 351 356 351 351 352 356 356 356 356 356 356 356 358 358 455 456 456 584 595 599 615 615 620 678
 133 134 139 148 163 134 168 163 168 169 172 205 209 209 239 239 253 253 256 261 265 273 273 290 297 292 301 303 303 303 303 311 353 354 392 353 353 353 354 354 354 397 398 401 401 619 620 653 670 685 686
 133 136 140 149 166 136 169 210 210 210 212 282 210 218 217 217 218 218 218 242 250 262 243 268 282 306 310 314 314 333 333 445 445 457 457 457 457 619 656 883 883 926
 133 137 141 150 166 171 211 242 265 293 294 333 333 398 428 450 450 450 450 685 686 949
 133 142 151 167 137 170 167 212 249 250 264 264 311 447 447 451 451 799 940
 134 136 143 153 172 206 207 207 207 213 213 254 308 309 326 308 312 326 544 691 968
 134 137 144 154 173 134 174 173 174 178 183 215 215 255 256 297 392 428 463 463 773 773 802 866 866
 136 137 145 176 136 177 149 217 217 244 249 293 245 295 249 266 266 268 311 629 930
 137 146 156 178 221 268 445 446 447 446 447 449 468 778 809
 138 139 157 168 168 170 173 223 223 223 223 223 224 223 225 223 223 226 253 253 255 264 298 299 304 304 304 304 353 353 362 362 362 362 362 362 392 394 394 396 396 397 598 610 632 635 671 675 732 734
 138 140 156 170 219 220 220 222 222 222 299 225 395 395 399 426 766 779 779 795 795 836 888 888 888 888 895
 138 141 158 138 142 169 171 225 247 250 260 260 261 296 306 394 398 394 394 394 428 598 632 610 635 651 651 673 673 765 765 839 839 880
 139 140 143 143 155 173 221 222 222 222 226 255 395 395 400 431 464 464 464 464 472 472 766 779 779 816 896
 139 141 144 160 172 179 179 179 181 183 179 224 224 254 273 273 297 434 434 673 686 673 900
 139 142 161 144 174 226 226 251 256 396 433 396 401 463 474 474 838 838 839 839 878 879
 140 141 145 150 176 181 214 215 219 295 214 215 219 229 247 430 430 432 598 635 671 671 796
 140 142 145 180 151 178 180 263 426 426 428 431 431 433 433 446 446 468 468 764 764 766 811 816 884 884
 141 142 146 146 158 177 181 229 245 246 271 246 262 271 311 431 431 432 630 651 651 717 717 885
 143 144 145 182 143 183 152 182 221 221 251 251 272 472 472 770 784
 144 146 159 183 232 232 232 232 272 474 862 910
 145 146 184 147 184 215 245 439 441 439 439 439 441 468 513 513 537 600 624
 147 148 157 185 185 185 186 189 185 208 209 241 355 355 355 355 355 355 510 510 521 525 532
 147 149 186 156 213 213 244 449 456 456 478 478 478 478 515 515 515 530 537 538
 147 150 158 147 151 187 186 187 214 214 244 246 246 598 626 630
 147 152 159 188 188 215 245 467 543 628
 148 149 153 189 153 155 208 210 242 210 260 389 406 389 389 406 406 406 425 437 451 451 603 642 663
 148 150 154 160 189 189 190 193 190 194 194 195 195 211 243 261 438 438 438 438 773 773 822 865
 148 151 161 190 154 157 158 160 157 161 190 196 196 212 225 265 427 427 825 825 838 838 889
 149 152 191 153 154 153 186 188 191 194 188 194 217 247 217 262 293 425 425 437 543 543 659 705 923 923
 149 150 192 192 195 216 216 248 248 269 545 549 556
 149 151 193 218 218 250 449 449 450 450 451 451 632 717 718
 150 152 155 160 191 219 249 271 922
 150 151 156 156 196 158 193 196 220 220 250 270 270 766 836 891
 154 156 159 221 263 427 438 438 769 788 769 788 788 788 788 788 788 788 788 788 788 788 857
 155 156 157 222 264 402 404 404 404 404 436 469 469 884 939
 158 159 159 160 161 194 229 266 892
 158 195 231 231 269 761 761 841
 162 163 168 185 197 197 197 197 200 197 197 275 275 275 279 275 280 285 317 319 337 337 337 337 337 337 337 337 487 488 501
 162 166 169 186 200 162 170 200 276 276 278 318 278 281 291 302 302 302 305 310 318 302 311 306 332 332 332 332 333 333 352 352 358 358 484 484 495 495 577 586 635 647
 162 167 171 187 200 279 323 325 325 325 325 590
 163 166 172 189 163 173 204 209 211 224 277 215 276 277 287 293 354 354 631 677
 163 167 174 190 168 171 174 179 179 280 326 526 526 710
 165 166 202 165 175 175 176 281 283 283 310 646
 166 176 192 204 192 281 313 444 444 454 454 455 457 457 583 623 794
 166 167 177 193 205 167 178 282 284 311 810
 169 170 176 180 180 193 205 307 307 397 398 399 399 432 446 446 614 614 794 794 795 795 812 827 827 836
 169 171 177 181 195 195 204 204 287 287 290 292 294 305 324 397 435 435 660 673 673 700 700 801
 170 171 178 196 181 196 205 290 295 296 299 299 328 306 328 328 328 397 433 433 610 632 675 675 797
 172 173 176 182 182 191 292 298 314 400 430 445 781 861 861
 172 174 177 183 194 293 301 401 435 448 448 448 865 956
 176 177 178 184 206 184 186 206 292 295 311 440 441 443 440 440 440 441 443 444 444 446 446 530 540 617
 180 181 184 187 206 309 434 434 541 541 541 541 541 541 553 553 683
 182 183 184 207 188 207 207 297 312 461 544 682
 185 187 190 285 526 526 563
 186 192 208 192 193 291 313 451 451 455 478 478 478 478 516 516 516 528 529 540
 186 187 193 195 187 196 195 196 208 208 294 296 310 610 633 660
 189 192 191 192 286 316 316 389 404 425 404 404 404 516 606 624
 198 199 201 319 207 482 597
 199 200 202 317 199 318 199 203 206 317 317 318 321 317 322 321 322 324 485 485 486 558 562
 200 204 208 200 205 318 318 320 324 327 320 320 320 328 327 328 484 495 580 730
 202 204 321 321 327 454 454 459 459 459 459 517 535 535 536 539
 202 203 205 322 203 324 322 443 443 453 453 453 453 454 454 576 577 716
 204 205 206 206 208 324 328 328 442 442 442 443 442 442 442 442 442 443 517 528 517 583 612 614
 208 327 481 481 516 481 481 481 517 481 518 481 481 481 519 481 481 481 481 481 481 481
 209 223 275 275 276 302 303 304 320 329 329 329 329 329 329 329 329 329 329 329 329 338 338 338 338 339 339 339 339 339 339 339 339 339 339 339 339 339 339 339 339 339 339 356 495 496 506
 209 210 276 210 213 213 222 313 314 316 316 351 352 357 357 357 357 357 357 357 357 357 357 357 357 357 357 357 357 515 519 519 583 604 607 687
 209 225 278 209 212 279 211 214 214 241 243 241 246 261 244 246 265 285 278 302 279 285 285 294 285 296 302 302 302 310 359 359 359 359 598 610 680 681 686 690
 209 226 280 212 215 239 256 280 253 254 260 304 304 304 306 304 328 328 351 351 351 439 439 442 442 442 442 451 456 510 510 603 615 615 641 750
 210 211 216 281 210 217 216 286 216 217 219 216 287 390 425 455 531 861 861
 211 219 227 283 227 288 332 421 934
 211 220 229 284 212 221 220 221 290 243 263 284 250 266 265 266 269 269 307 307 313 313 766 818 854
 213 214 216 291 213 218 294 216 218 220 544 560 550
 213 215 217 292 213 293 217 221 444 444 445 456 456 458 458 458 458 604 624 625
 214 220 231 296 231 762 835
 215 221 232 297 232 439 439 445 464 464 604 787 787 787 789
 219 221 222 298 224 403 404 404 404 404 430 787 787 794 935
 222 223 362 364 364 364 364 364 364 364 364 364 364 364 364 364 364 364 364 364 364 364 364 364 364 364 364 364 364 364 364 364 364 395 404 636 729 740
 224 225 227 224 228 300 227 227 228 227 229 257 259 265 268 274 274 289 300 306 310 383 385 385 399 399 432 619 681 886
 224 226 229 301 232 232 232 232 271 272 273 273 314 403 403 403 405 405 405 405 405 405 405 405 431 432 445 883 883 905 918
 225 229 231 231 231 231 261 263 270 270 290 307 307 393 393 393 393 761 761 761 761 762 762 762 762 816 836 837
 233 235 242 237 257 273 300 301 333 335 335 335 335 335 335 453 453 457 457 964
 233 236 244 234 254 236 238 252 252 255 259 267 265 267 299 295 299 397 615 615 944
 234 266 238 270 933
 235 239 235 236 241 236 253 289 295 440 440 450 704
 237 238 267 237 268 272 931
 239 241 253 275 275 275 277 275 278 318 338 338 338 338 338 338 338 338 341 341 341 341 341 341 341 341 341 341 341 341 358 497 498 500 509
 239 242 254 276 239 243 255 277 276 280 319 277 280 284 301 282 293 297 303 303 303 305 303 319 319 319 324 326 326 333 333 334 334 334 334 352 352 524 524 525 684 692
 242 243 248 281 247 248 248 286 248 249 286 291 293 305 323 323 454 454 458 458 458 458 620 658
 244 245 247 292 262 263 309 309 425 425 428 430 430 435 435 444 444 530 544 544 545 545 624 624 770 868
 244 248 291 248 250 310 450 450 455 455 456 456 635 700 702
 244 246 250 269 294 246 270 296 269 270 310 313 313 795 795 813 816
 245 251 272 297 312 312 441 445 445 448 448 448 463 659 945
 247 249 251 251 298 254 255 292 295 297 298 301 326 326 440 440 456 456 620 942
 254 256 262 266 272 293 301 311 312 312 314 314 334 334 334 334 443 458 458 458 458 663 925
 255 256 263 268 272 297 308 308 308 308 392 400 400 401 401 437 446 446 461 461 472 472 604 604 770 778 778 863
 257 258 261 271 274 274 288 305 314 315 315 315 315 331 331 370 371 378 378 378 378 390 390 527 527 577 862 909
 258 259 263 264 298 309 309 371 372 372 379 540 372 372 530 372 372 379 379 379 384 385 385 412 875
 260 261 262 269 269 271 287 305 313 316 316 316 316 316 316 390 395 395 425 528 537 544 544 549 549 770 785
 264 265 268 270 270 271 299 311 314 399 426 449 846 846 921
 276 277 281 286 317 292 298 317 317 317 352 454 456 497 497 497 497 497 542
 276 279 282 287 294 299 318 639
 277 278 283 289 283 295 318 358 450 453 453 498 719
 278 279 290 320 284 296 320 320 320 749
 281 283 321 321 332 455 457 470 470 470 470 470 470 539 593
 281 284 323 282 324 291 292 295 323 333 333 662
 286 287 288 321 330 321 330 330 330 372 372 390 420 515 539 605
 288 289 290 298 299 300 300 324 327 327 331 331 369 384 398 399 449 524 524 584 915
 291 294 296 325 325 325 325 327 327 332 332 673 675 698
 292 293 297 326 326 334 334 943
 302 307 313 320 359 494 494 494 494 494 494 494 494 494 494 494 494 636 752
 303 304 307 308 314 308 353 354 357 395 357 357 357 357 357 357 357 357 357 357 357 405 405 406 604 614 755
 305 306 307 309 324 307 309 310 311 390 390 397 398 432 444 444 540 549 549 550 550 583 583 816 848
 310 313 327 332 332 455 459 459 459 459 519 519 519 794 805 888 888
 311 313 328 333 446 451 451 457 614 808
 315 316 330 330 344 347 375 347 347 347 357 357 375 375 375 375 490 490 571 609 791
 317 319 323 326 565
 336 337 342 336 337 340 349 340 340 340 361 340 340 340 340 340 340 340 340 340 340 340 340 340 340 340 340 340 340 340 340 340 340 340 340 340 340 340 340 340 340 340 340 340 340 340 340 342 482 482
 336 343 336 346 336 336 336 336 337 337 337 337 338 350 360 485
 336 344 336 339 345 336 336 336 347 336 339 339 339 339 339 348 363 490
 337 351 337 339 337 337 337 352 337 337 337 338 353 338 339 338 338 339 339 355 339 339 339 339 339 339 339 339 354 359 362 484 505
 339 357 364 494
 342 343 342 344 342 342 342 342 342 342 343 344 351 352 371 374 420 425 484 543
 342 346 351 377 342 345 345 346 345 345 376 389
 342 347 352 342 346 346 347 347 347 378 379 390 482 485 544 482 482 482 482 482 485
 343 344 349 367 343 344 349 380 349 387 349 349 349 349 349 354 354 355 355 359 359 367 380 380 380 389 390 389 390 420 420 425 425 505 505 527 527 543 543
 348 349 361 381 348 350 348 348 349 386 349 349 350 350 350 353 353 360 360 361 361 361 361 361 371 371 377 378 377 378 381 387 544 549 544 549
 351 355 389 355 402 478 478 480 480 480 480 480 480 481 481 481 481 520 481 481 481 481 511 511 520
 351 352 390 354 354 400 389 403 457 457 458 458 458 458 514 514 520 520
 352 359 359 390 399 457 459 457 459 459 459 478 478 484 527 673
 353 362 391 353 362 391 393 393 399 400 402 403 651 673
 355 356 357 404 357 406 515 516
 358 359 359 398 451 454 455 495 648 675
 360 361 363 360 361 361 361 361 361 362 362 363 363 363 367 367 374 374 376 379 376 379 386 553 553
 363 363 363 363 364 364 364 364 364 364 373 373 375 373 375 375 375 375 570 570 570 570 570 792 792 792 792 792 792
 365 366 409 413 439 439 477 480 480 480 480 480 480 480 480 480 480 480 480 510
 365 367 381 365 370 365 365 366 367 382 366 367 369 367 526 367 367 369 370 381 382 381 381 381 381 381 381 382 382 385 383 383 385 385 385 392 392 397 397 408 408 411 411 412 412 414 414 427 427 430 430 434 434 434 434 436 436 471 471 526 526 526 598 598 610 610 773 773
 365 369 481 442 442 452 481 510 481 481 481 481 481 481 481 481 481 481
 365 372 372 384 410 469 513 517 787
 366 368 391 413 368 369 393 419 368 394 368 396 391 394 393 396
 366 370 383 391 392 391 391 391 418 423 423 423 423 431 474 598
 366 385 369 397 385 392 414 426 430 440 440 440 440 447 447 510 510
 367 373 386 367 368 367 370 368 370 373 373 373 373 373 386 386 386 388 388 395 395 415 415 415 415 415 415 417 417 636 636 769 769
 367 371 374 367 371 374 387 673 387 399 399 400 400 402 402 403 403 408 410 408 410 410 421 410 421 421 421 438 438 438 438 651 651 673 960 960 960 960
 367 372 375 372 541 375 404 404 541 788 788
 369 370 383 610 393 393 393 393 397 412 424 424 424 424 424 424 424 424 426 838
 376 377 402 422 422
 376 378 403 423
 377 379 400 423 473 473 544
 378 379 399 424 424 549 762
 381 386 407 381 386 391 391 393 391 393 393 407 407 407 407 407 407 407 407 407 407 407 408 407 407 407 407 407 407 407 407 407 407 407 407 407 407 407 407 407 407 408 422 423 424 422 422 423 423 424 424 473 473 473 761 761 761 762 762 762
 382 383 383 388 386 386 386 386 388 388 388 394 394 396 396 408 408 408 408 411 412 795 412 416 416 416 416 416 416 418 418 472 472 766 766 795
 391 395 426 391 396 392 395 396 436 472 472 473 473 473 473 762 762 766
 392 427 439 439 447 474 773
 393 394 397 430 393 395 431 394 395 761 761 761 761 762 762 766 795 795
 397 434 440 442 442 442 442 610
 408 409 408 409 409 409 411 413 411 414 413 414 415 415 417 415 415 415 415 415 415 415 415 415 415 417 418 418 419 419 426 426 427 427 431 431 474 474 475 475 475 475 838 838
 409 419 452 477 479 479 479 479 479 479 479 479 479 479 479 479 479 479 479 479 479 479 479 479 479 479 479 479
 410 420 459 480 480 480 514
 412 413 417 423 423 423 423 430 773
 413 414 419 431 436 447 447 477 477
 417 418 422 419 422 422 422 422 422 422 422 436 471
 420 421 425 457 511
 425 438 458 478 543
 426 436 427 447 452 452 452 452 471 838
 427 428 437 438 438 445 449 467 862 866 923
 430 431 434 439 440 439 598
 432 434 433 434 435 441 443 630 660
 460 461 473
 460 462 465 460 463 460 460 462 463 465 466 466 467 467 471 471
 461 462 466 461 462 463 468 468 472 476 474 474 476 476 476 476
 461 463 467 461 463 468 464 464 464 464 472 472 474 769 769 782 782 782
 462 464 465 469 465 468 469 469 477 477 477
 465 466 466 467 475 475 475
 467 468 469 469 471 782 788 788 788 788
 471 472 473 472 473 474 473 473 769 769
 471 477 474 475 475 477
