 1 1 2 1 1 3 2 2 2 3 4 4 5 5 6 6 6 6 8 8 12 12 35 40 83 35 35 36 36 36 40 40 65 65 65 66 66 66 69 69 69 75 75 75 83 83 88 88 88 109 109 109 112 112 112 116 116 116 119 119 119 134 134 134 156 156 156 158 158 158 160 160 160 170 173 170 170 170 170 170 170 170 170 170 170 170 173 173 298 298 298 310 310 310 313 316 319 321 322 381 382 384 386 388 395 402
 1 1 1 4 1 4 7 7 10 10 10 10 11 11 11 11 14 14 15 15 15 15 15 44 15 44 44 45 45 45 57 57 57 89 89 89 91 90 90 90 91 91 95 95 95 102 102 102 113 113 113 133 133 133 142 142 142 144 144 144 173 173 173 173 173 173 179 179 179 347 348 350 350 350 352 352 352 357 363 396 400 409 412
 2 19 18 19 19 19 19 19 20 19 19 19 19 20 21 21 79 100 100 155 155 164 164 164 164 184 184 218 224 356
 2 3 20 2 4 2 2 3 10 16 12 16 50 20 20 20 20 20 22 22 23 23 24 24 24 24 25 25 25 25 27 27 38 34 38 82 34 37 34 34 37 37 37 39 39 39 39 50 53 53 78 78 82 96 96 96 96 122 122 140 124 124 138 138 140 143 143 146 146 166 166 166 166 166 166 166 166 166 166 166 166 192 192 248 248 299 301 304 306 328 335 340 354
 3 6 9 21 8 9 9 9 9 30 9 9 9 9 16 49 21 21 21 30 30 59 30 39 39 49 59 68 68 71 71 76 76 82 82 121 121 145 145 145 145 145 145 164 164 164 164 164 164 164 164 164 164 164 164 186 186 188 189 210 211 213 215 216
 3 4 5 22 3 5 13 13 38 13 13 16 41 13 13 14 14 16 22 22 22 29 42 29 38 41 41 42 41 43 43 47 47 52 52 54 54 54 54 58 58 74 74 86 86 94 94 123 123 125 125 125 125 127 127 129 129 302 307 333 336 338 364
 3 7 8 23 3 4 7 8 8 8 11 29 11 14 40 97 14 43 95 23 23 23 29 29 31 61 29 31 31 31 40 43 44 44 48 45 45 46 46 48 55 55 56 56 61 87 87 95 95 95 97 97 97 98 98 126 126 126 126 137 137 139 139 139 139 141 141 151 151 171 171 171 171 171 171 174 174 174 174 174 174 174 174 226 226 230 230 271 273 278 285 370 372
 4 10 24 5 24 33 24 32 24 32 32 32 32 32 33 43 43 44 44 56 56 66 66 93 93 107 107 130 130 135 135 163 163 171 171 171 229 229 368 369 404
 4 11 25 7 12 13 34 12 13 42 13 25 25 25 33 33 33 64 33 34 42 47 47 48 48 64 64 64 67 67 67 67 92 92 92 92 103 103 110 110 128 128 136 136 346 366 406 416
 5 16 26 16 51 17 18 59 18 18 18 18 72 18 18 18 26 50 26 49 26 49 50 51 59 72 77 77 100 100 101 101 108 108 117 117 140 140 143 143 148 148 157 157 157 157 166 166 166 166 191 191 193 209 248 248 249 253 261 264 288
 5 6 27 5 7 6 6 7 6 16 52 16 27 58 27 53 27 52 53 58 54 54 56 56 60 60 64 64 73 73 73 73 105 105 147 110 110 114 114 139 139 147 205 205 205 205 269 270 270 270 270 270 270 279 297 297 325 332
 5 28 7 7 17 17 61 17 28 57 28 55 28 55 57 61 62 62 63 63 65 65 107 107 151 111 111 115 115 144 144 151 152 152 160 160 174 174 174 174 226 226 228 229 229 241 274 411
 8 17 31 8 10 32 80 10 17 63 31 63 79 31 32 32 63 79 79 99 79 79 79 79 79 80 80 99 99 132 132 132 170 170 170 170 173 173 173 182 182 182 256 256 256 266 266 266 282 284 286 389 393 393 393
 10 33 81 11 11 12 36 33 36 48 48 80 80 80 80 80 80 81 81 81 81 81 81 81 85 85 87 87 91 91 91 91 93 93 111 111 115 115 120 120 178 178 178 178 178 178 178 178 178 178 178 178 180 180 373 374 408
 12 14 35 85 14 46 17 17 17 62 35 84 46 62 84 84 84 85 89 89 90 90 98 98 99 99 112 112 118 118 130 130 135 135 137 137 171 171 171 180 180 227 230 230 238 291 405
 12 37 12 14 47 15 15 15 37 47 96 70 70 86 86 87 87 92 92 93 93 93 93 96 96 96 104 104 104 104 114 114 136 136 181 181 181 181 181 181 297 297 297 297 358 365
 20 22 32 49 35 148 168 168 168 168 204 258
 20 23 36 80 82 108 117 154 167 167 167 167 167 167 167 167 167 167 167 167 167 167 167 167 250 263 341
 21 22 27 30 21 23 21 21 30 38 30 51 30 53 31 40 72 83 101 121 121 153 165 165 165 165 165 165 165 165 165 165 165 165 191 198 208 222
 22 24 26 26 41 26 84 101 149 159 159 223 239
 22 25 28 29 23 25 28 42 29 55 33 50 46 84 84 85 94 108 108 108 124 131 131 150 150 232 243 376
 23 31 24 28 45 81 81 83 84 118 152 172 172 172 172 172 172 172 172 172 172 172 172 237 391
 26 27 51 26 52 26 28 77 77 77 118 153 191 242
 27 59 65 76 119 185 185 185 214
 27 28 60 28 61 78 120 154 154 154 192 233
 29 57 31 62 33 89 109 175 175 175 246
 29 30 60 30 58 94 97 106 121 121 161 161 161 161 161 161 161 161 161 161 202 221
 34 41 34 35 35 43 41 44 50 42 47 55 50 69 69 89 98 105 105 127 129 143 143 272 351
 34 42 34 36 36 44 36 37 87 36 48 37 45 86 91 91 110 114 362
 35 37 46 86 35 47 37 88 88 90 129 140 140 248 248 294
 38 39 41 51 41 43 49 46 54 49 68 51 68 68 68 94 101 94 98 101 105 106 106 125 129 162 162 162 162 162 162 207 287 293 295
 38 59 66 68 71 68 68 68 69 82 88 99 100 100 100 101 112 124 138 153 168 168 168 168 168 168 168 168 168 168 168 168 169 169 169 169 212 289 317 342
 38 42 60 39 40 43 39 45 48 53 56 60 82 83 82 94 82 82 83 83 86 83 87 94 95 95 97 97 110 114 123 123 126 126 147 147 327 334 339
 38 40 53 41 45 52 66 73 66 66 66 67 67 104 104 136 136 326 379
 38 58 94 40 46 42 61 67 67 67 69 74 67 70 69 70 70 70 89 94 97 97 102 102 103 103 105 105 128 107 107 109 109 122 122 124 124 127 135 135 160 160 277 331 355 383
 39 44 40 47 58 64 125 205 297 337
 42 48 57 70 70 85 92 85 95 102 111 111 128 361 407
 43 45 46 48 63 99 55 63 69 69 90 99 102 102 113 134 141 144 175 175 175 175 175 175 176 176 176 176 275 399
 46 47 62 98 62 70 103 70 103 129 131 131 245 415
 49 51 53 71 100 63 71 100 100 122 134 160 169 169 169 169 169 169 169 169 185 185 185 185 185 185 186 186 199 310 311
 49 52 54 49 55 53 54 59 56 58 59 71 71 72 72 101 101 106 106 123 123 127 137 191 191 201 230 312
 50 52 56 64 50 57 64 65 65 74 134 137 226 329
 50 51 58 74 101 62 105 105 106 106 107 122 127 149 131 131 148 148 148 149 149 149 157 157 157 157 157 157 219 235 244
 51 52 59 72 51 60 73 59 60 61 71 73 71 74 72 106 76 76 76 76 106 141 147 147 151 153 153 153 153 186 186 196 309
 52 61 65 65 73 73 74 75 75 78 78 78 78 142 151 268 298
 53 55 60 57 58 60 75 74 75 107 107 146 128 133 146 156 156 160 160 192 192 267 378
 54 55 61 62 62 64 74 105 150 128 150 234 280
 56 57 61 63 63 75 75 133 177 177 177 177 231 231 276 298 350
 71 72 76 75 146 158 169 169 169 169 184 184 184 187 314 266
 72 73 77 77 77 149 152 197
 72 74 78 106 149 146 149 153 149 149 150 150 163 200 259
 76 77 153 76 78 77 78 153 154 154 184 195 260
 83 85 97 102 102 107 120 132 132 132 133 156 163 175 175 175 177 177 377 387
 84 86 84 96 93 96 98 117 117 117 138 180 240 248
 85 86 85 87 89 92 90 92 103 103 113 115 115 180 180 353
 86 88 98 88 90 103 103 104 104 104 104 116 116 130 130 138 138 179 179 290
 87 88 99 88 89 98 99 113 176 176 176 176 179 179 183 183 183 183 183 183 292 310
 90 93 116 183 183 183 403
 91 92 181 417
 108 109 121 121 122 124 132 146 148 154 155 155 155 155 155 155 155 155 156 165 165 165 165 192 194 203 220
 108 110 118 122 108 123 108 111 118 139 139 141 143 152 152 226 230 236
 109 110 112 124 109 113 125 112 124 126 128 125 126 130 136 144 129 130 134 136 151 229 229 230 349 360
 109 111 126 113 132 132 133 135 132 176 176 177 177 231 231 350 352 352 371
 110 114 119 127 119 143 119 119 134 140 141 140 143 144 305 310
 110 111 120 128 111 115 114 115 120 120 120 133 142 144 350 367
 112 113 114 116 129 112 116 135 135 136 137 138 136 138 310 343
 113 115 130 116 176 176 182 182 182 393 393 393 394
 114 115 117 131 117 137 117 118 118 140 252
 116 117 138 182 254
 118 119 141 118 120 119 120 142 251 256
 121 123 125 139 121 126 145 145 145 147 145 162 205 206
 122 123 127 133 141 146 122 128 147 123 134 142 146 147 156 156 158 158 158 158 163 163 163 163 298 300 330 352 352
 124 125 127 129 135 143 148 148 148 150 159 159 159 159 162 162 162 247 296
 127 128 131 137 150 131 151 141 150 255
 129 130 131 138 140 159 159 159 159 257
 133 134 137 142 151 177 177 177 177 256 256 266 266 344
 139 142 144 156 231 231 281
 141 142 152 152 158 158 163 163 265 266
 146 147 150 151 152 154 152 154 154 262
 164 166 164 165 167 165 165 166 167 168 169 167 168 168 169 169 170 185 185 185
 171 173 171 172 174 178 171 172 172 175 176 172 173 174 174 231 175 175 175 176 176 176 177 177 177 177 178 178 183 183 183 183 231 231 231
 179 180 179 182 182 182 183 183 183
 179 181 180 180 181 181
