 1 2 1 1 1 1 1 2 10 10 15 15 48 48 62 62 163 163 163 163 163 163 163 461 163 163 163 163 163 209 209 209 209 209 209 209 209 209 698
 1 3 18 1 25 1 1 1 1 1 1 3 17 17 18 78 22 22 25 78 84 84 163 163 163 163 163 163 163 163 163 163 163 163 163 163 163 163 209 209 209 209 209 209 209 209 209 209 209 209 693 694 696
 2 4 2 5 2 2 4 5 11 81 83 84 148 329 148 148 148 336 148 148 167 167 167 167 169 169 169 169 319 329 736 736
 2 6 59 62 152 161 154 161 161 161 488 488 513
 2 3 7 2 8 2 2 3 3 13 72 78 152 152 165 407 407 458 458 493
 2 9 2 2 2 3 12 3 3 9 14 23 43 23 48 164 169 164 164 164 169 169 169 469 470 691 691 695 695 695 695 695 695
 3 16 3 3 21 384 384 384 644 691
 3 19 23 695 695 732
 3 20 3 3 24 458 503
 4 80 146 147 146 146 146 147 147 147 147 147 147 147 147 147 147 147 147 147 147 147 147 147 147 147 147 147 147 147 147 147 147 147 147 147 147 147 147 147 147 147 147 147 147 147 147 147 147 147 147 147 147 147 149 149 342 149 342 342 342 342 395 398 399
 4 4 6 5 5 11 6 57 58 82 149 340 149 178 150 180 150 150 150 150 150 150 150 176 178 180 180 180 213 213 213 340 340 353 363 366 374 378
 4 7 4 7 29 29 68 69 128 137 253 128 128 128 128 128 128 128 128 128 128 128 128 128 128 128 137 137 137 149 149 158 253 253 343 349 396 630 633 633
 4 8 4 9 4 4 8 9 21 30 41 79 149 177 341 149 149 149 150 182 150 150 150 150 150 150 150 150 150 150 150 150 150 150 150 174 177 182 182 182 341 341 356 362 367 369 370 718 718 718
 4 4 10 4 4 9 9 10 10 10 22 42 22 30 47 47 148 170 331 148 148 332 148 148 148 148 148 171 148 148 148 335 148 170 170 170 171 171 171 171 171 171 171 222 222 332
 5 6 6 11 11 31 31 31 31 31 60 61 176 179 179 179 179 213 213 221 221 573 574 577 715
 5 7 12 5 8 13 5 5 7 8 12 32 73 74 77 155 158 155 155 155 172 172 174 214 215 215 215 215 418 424 489 549 564 601 640 640 768
 5 9 5 9 13 24 34 45 180 181 180 180 180 181 182 181 181 181 181 181 181 181 181 181 181 181 181 181 181 181 181 181 181 181 181 181 181 182 182 182 214 525 526 567 713 719
 5 14 5 10 15 5 5 9 9 10 10 10 14 15 25 46 25 33 49 49 164 164 164 164 164 164 164 164 170 170 170 170 212 212 212 212 467 472 692 692 692 692
 6 7 26 6 12 26 26 26 51 26 26 52 32 153 160 160 160 160 173 191 191 220 220 419 419 464 531 660 667
 6 8 6 14 26 26 26 26 55 26 26 56 33 177 614 178 178 183 183 183 183 188 188 219 219 614 653 656 712 712 748 748
 6 9 6 6 6 13 32 33 172 176 172 176 219 219 220 541 547 582 713 775
 6 10 6 15 34 34 165 488 488 499 690
 7 8 16 27 27 27 35 27 27 27 70 75 153 160 160 160 160 175 175 190 190 415 417 425 425 523 609 663
 7 9 7 16 35 16 36 155 155 155 155 158 224 422 430 481 490 490 490 490 566 598
 7 10 17 17 17 36 152 408 152 408 459 459 459 459 506
 7 18 8 10 22 10 18 18 18 20 18 18 22 39 41 76 154 154 157 154 154 154 154 154 154 157 165 483 165 165 165 185 185 185 185 483 512 740 740
 7 19 19 37 19 27 63 27 27 64 37 151 151 159 151 151 151 151 151 151 159 187 267 271 267 271 289 289 660 678 678 680
 7 20 28 8 28 28 38 28 28 28 28 71 28 28 76 28 28 28 129 129 129 129 132 132 144 144 144 144 251 251 251 251 280 280 298 311 431 517
 7 7 8 9 21 8 9 20 38 20 21 40 39 40 42 156 445 156 156 449 156 156 156 156 156 158 174 195 228 313 313 341 341 438 439 445 492 492 720
 8 23 27 66 27 27 67 43 177 183 183 187 501 507 501 502 502 507 654 658 677 677
 8 24 8 9 24 44 44 46 172 172 174 225 532 536 583 702 702 719 783
 8 25 10 45 165 486 486 497 690
 11 239 239 735 239 736 239 737 239 239 239 239 239 239 239 239
 11 12 11 12 30 33 222 222 223 223 699 699 699 699 705 699 699 703 705 736 736 736 736 798
 11 13 11 29 29 29 32 29 584 593 601 584 630 640 651 734 734
 11 11 14 11 11 13 14 30 30 32 34 34 213 733 213 213 213 713 718 719 718 733 733 733 733 733 733 733 757 758 760
 11 15 11 15 30 33 689 689 689 689 689 689 692 692 707
 12 13 16 12 16 35 40 40 51 195 199 199 224 224 538 621 714 714 805
 12 14 16 50 41 50 66 67 67 109 174 183 183 183 183 187 187 205 205 215 215 490 507 490 491 491 507 507 507 629 655 755
 12 15 17 17 17 52 42 308 308 460 471
 12 18 15 18 18 56 46 211 211 211 211 222 222 689 689 689 689 689 689 689 689 689 692 703 709 728 736 736
 12 19 19 19 53 43 763
 12 20 12 13 20 38 44 44 55 195 225 225 463 464 484 484 549 579 786
 12 14 20 54 45 54 198 214 215 215 492 507 507 660 676
 13 21 35 57 57 219 357 360 360 379 379 523 591 648
 13 14 14 21 21 36 42 51 214 313 318 313 318 318 318 341 341 481 536 544 545
 13 15 22 15 22 22 24 22 24 25 25 36 41 58 58 77 165 165 165 165 690 690 690 690 724 740 740
 13 23 23 37 37 43 59 59 201 501 504 501 504 507 507 660 661 713
 13 24 38 60 60 241 517 538 588 588 637 701
 13 14 14 24 24 39 46 55 214 230 702 702 712 712 719 720 753 753 761
 13 25 15 15 25 39 45 61 61 690 690 690 690 717
 14 15 22 47 47 52 164 164 171 171 171 171 212 212 709 711
 14 23 48 53 691 691 726
 14 15 25 49 49 56 212 212 692 692 729
 16 21 63 16 63 68 227 227 256 259 256 387 256 256 256 256 285 641 285 387 387 387 456
 16 17 22 64 17 69 17 64 131 169 131 131 131 131 131 131 131 169 202 460 645
 16 18 25 67 18 74 18 67 202 211 211 211 211 212 384 387 384 384 389 384 384 384 384 384 384 387 389 641 727
 16 19 65 19 70 19 19 20 19 19 199 216 216 216 216 495 502 502 549 678 678 678 678 679
 16 20 23 23 65 72 199 482 490 492 490 507 507 609 671
 16 24 66 16 20 71 20 24 66 73 196 226 226 415 430 463 484 484 539 562
 17 19 75 18 19 210 308 324 210 210 210 324 695 705 731
 17 20 76 17 77 17 25 458 459 459 459 459 500
 20 20 21 71 79 196 313 323 323 323 323 343 373 401
 21 68 247 260 247 247 247 261 247 247 247 247 247 247 247 247 247 247 247 247 259 392
 21 22 22 69 80 80 133 133 133 133 133 133 133 133 133 133 133 133 133 133 133 133 170 170 388 389 389 392
 21 23 21 24 23 23 24 23 70 72 81 81 315 318 315 315 315 318 318 318 341 341 482 534 537 549 719
 21 24 24 73 79 357 373 379 379 539 594 646 702
 21 25 25 74 82 82 212 212 384 384 384 384 384 384 642
 22 23 23 25 75 83 83 164 171 164 171 171 171 692 692 705 710
 26 27 50 26 53 100 120 139 140 186 139 140 140 142 140 140 140 142 151 153 186 151 151 151 151 151 151 151 186 186 186 186 653 654 688
 26 28 54 142 279 279 279 279 279 279 279 279 305 516
 27 65 27 28 28 139 139 142 265 265 265 265 265 265 265 265 304 381
 29 30 35 29 29 36 29 480 480 480 480 490 490 584 587 598 584 598 630 646
 29 37 279 282 289 279 635 279 279 635
 29 38 29 29 39 29 30 228 341 347 352 352 352 365 352 630
 30 40 30 41 39 47 47 92 177 177 179 179 179 179 179 179 179 179 228 718 718 720 780 785 785 800
 30 42 222 306 330 306 331 306 306 306 332 306 306 306 306 306 306 306 306 306 306 306 306 306
 30 43 48 689 689 695 689 695 695 706
 30 44 30 45 49 713 718 718 733 733 733 733 756 759
 30 46 222 223 222 699 699 709 699 709 799
 31 32 31 31 33 31 31 34 31 31 31 31 31 221 775 221 231 701 721 721 775 795
 32 35 51 240 528 569 613 767 813
 32 33 35 50 41 50 50 50 58 58 73 74 114 114 173 173 175 175 175 175 184 184 184 184 189 189 538 539 538 546 570 570 598 598 601 628 807
 32 36 33 40 40 51 52 52 228 230 238 238 464 496 496 581 768 792
 32 34 34 42 36 51 57 57 57 57 220 220 311 316 316 353 353 462 518 525 525 531
 32 37 37 53 43 53 59 59 201 216 216 216 216 491 495 653 668 758
 32 38 55 529 532 529 533 554 779 779
 32 33 38 54 45 54 54 54 61 61 228 538 543 601 614 616 614 741 741 741 741 789 789
 32 39 33 44 44 55 56 56 218 218 218 218 231 231 700 721 721 751 751 756 757 801
 32 34 34 39 46 55 60 60 60 60 220 220 221 221 770 221 221 700 701 701 742 742 742 742 757 771
 33 42 52 52 223 237 237 237 237 237 237 309 309 332 332 467 558
 33 43 48 52 56 62 78 53 53 62 62 62 62 62 62 62 96 210 210 210 211 210 210 210 210 210 210 210 210 210 211 211 211 308 329 308 308 332 308 308 308 329 332 460 467 469 730
 33 34 34 47 41 45 46 47 47 47 51 58 58 97 172 172 178 172 172 177 177 178 178 178 214 219 219 531 581 702 702 719 749 756 757 774
 33 46 56 56 764
 33 34 34 45 49 49 55 61 61 219 748 219 231 231 712 712 713 715 715 719 748 750
 34 48 59 59 458 498
 35 40 63 63 86 207 232 232 277 277 291 291 291 291 625 686
 35 36 41 63 85 63 69 69 70 75 75 85 85 85 102 132 176 132 132 132 136 136 289 136 136 136 136 136 136 145 145 145 145 176 276 289 289 289 462 489 523 537 540 596 617 618
 35 42 64 36 68 64 64 64 68 86 86 204 249 249 249 249 253 253 278 278 327 327 405 421 430
 35 37 65 37 70 37 38 37 65 87 87 411 419 419 571 425 425 441 442 453 453 571 603
 35 38 43 43 65 65 72 88 88 228 484 484 502 502 502 502 538 545 598 598 611 611 624
 35 44 66 38 71 44 66 90 413 418 442 529 529 533 550 569 569 781 781
 35 39 45 66 89 66 74 89 232 232 232 232 523 538 599 700 742 742 742 742 766 788 788
 35 46 67 39 73 67 67 67 90 204 207 207 218 218 218 218 596 655 655 700 723 723 802
 36 47 69 86 134 137 180 134 134 134 134 134 134 134 137 137 137 180 206 278 481 646 650
 36 37 37 75 37 39 37 70 75 87 87 229 229 229 229 415 417 485 485 485 485 537 614 614 622 776 776
 36 38 45 71 77 89 89 241 241 415 426 426 431 464 517 538 636
 36 38 76 46 73 76 90 195 464 465 465 487 487 487 487 536 551 601 605
 36 39 48 48 72 78 78 88 88 458 458 690 690 722
 36 49 39 49 74 77 90 230 481 489 628 640 640 712 712 720 762
 38 39 41 71 91 91 91 91 156 156 156 156 157 157 172 310 310 357 357 431 475 475 508 517
 38 40 71 92 235 235 235 235 235 446 235 448 235 235 235 235 235 235 438 552
 38 39 79 42 76 76 79 92 92 195 228 325 325 325 325 325 325 325 325 328 356 368 369
 40 41 40 42 68 68 69 69 71 76 76 93 93 103 103 129 129 129 129 129 129 129 129 141 141 158 195 196 253 253 292 292 328 439 447 509 552 568 568
 40 43 40 44 43 44 70 72 96 228 230 464 495 495 563 714 783 783 791
 40 45 40 46 73 74 97 195 198 198 238 238 538 625 723 723 768 773
 41 42 47 47 80 69 79 80 80 80 80 80 93 93 135 137 135 135 135 135 135 135 135 135 135 135 135 135 135 135 135 137 137 137 141 141 146 146 146 146 146 146 146 146 174 182 182 313 313 328 328 346 347 361 362 370 373 375
 41 43 43 45 70 72 74 83 83 83 83 94 94 108 155 155 155 155 159 159 159 159 172 172 177 177 417 482 640 501 501 501 501 563 599 600 640 713 758 769
 41 44 44 46 73 95 95 173 173 184 184 189 225 225 601 701 701 752 752 753 808
 41 45 48 48 72 77 78 78 84 84 84 84 94 94 113 113 152 152 152 152 165 165 458 458 458 458 483 483 716
 41 46 49 49 55 56 56 58 58 74 90 95 95 95 95 174 176 176 183 640 183 183 183 183 183 183 183 188 188 188 188 628 640 700 700 702 702 712 712 712 712 751 751 753 753 754
 42 43 43 46 75 75 81 81 96 223 223 236 236 236 236 309 309 309 309 469 329 329 329 329 332 332 467 469 559
 42 44 44 45 77 79 79 97 225 225 311 316 316 369 462 522 531 567
 42 45 49 82 49 77 82 82 82 97 214 313 313 318 318 318 318 340 340 340 340 489 543 547 548
 42 46 48 48 78 78 81 81 96 308 308 308 308 460 460 468
 47 48 47 49 48 49 83 83 84 84 96 164 167 164 164 164 167 167 167 167 167 167 167 691 691 691 691 703 708
 50 51 63 50 85 85 93 108 119 139 139 139 139 139 139 142 142 142 143 143 191 143 143 191 266 266 413 427 427 546 629 669
 50 52 64 93 109 120 120 120 140 140 140 140 140 140 141 187 203 203 273 465 273 273 273 273 273 273 273 466 629 659
 50 56 67 95 95 173 183 173 175 175 183 183 183 183 183 186 186 186 186 186 186 186 186 186 203 655 751 809
 50 53 65 50 54 53 54 94 94 104 105 119 151 187 151 151 151 151 151 151 151 151 151 151 151 151 151 151 151 158 187 268 268 271 283 271 271 271 283 284 284 609 653 660 682
 50 55 66 50 90 91 91 91 91 95 95 109 153 175 153 173 175 338 350 338 339 339 350 350 350 350 350 725
 51 57 68 57 86 86 206 206 250 252 284 252 284 346 427 427 433
 51 52 58 69 52 58 69 73 77 86 86 93 93 105 105 132 132 132 132 136 284 136 136 136 136 136 136 136 141 141 174 204 278 278 284 284 284 462 481 527 539 545 620 621
 51 53 70 53 53 55 53 88 88 96 216 216 216 216 216 216 216 216 230 463 537 545 714 751 751 803
 51 54 71 54 54 55 54 89 89 97 240 240 419 423 419 443 443 527 535 535 604 615
 51 55 59 72 59 59 59 87 87 96 200 200 404 406 404 406 406 406 463 531 547 556 771
 51 60 73 55 60 60 60 90 92 92 533 570 597 597 597 597 613 749 752 752 767 784
 51 56 61 74 56 61 90 97 218 218 218 218 230 238 238 536 547 614 614 653 653 804
 52 53 75 53 56 96 765
 52 54 76 54 56 97 198 217 217 217 217 217 217 217 217 465 496 543 653 673
 52 55 77 52 61 61 92 92 97 228 464 485 485 485 485 531 700 758 778 786
 55 79 57 57 90 219 350 350 362 378 378 462 479 640
 57 58 80 80 81 83 80 85 85 110 135 138 135 135 135 135 135 135 135 138 138 138 145 145 146 146 146 146 176 180 180 315 315 327 327 345 348 360 366 372 377 378
 57 59 81 57 60 59 60 87 88 200 221 221 317 327 317 317 317 353 363 364
 57 61 82 89 213 232 232 352 360 352 632 631
 58 61 62 84 62 62 62 84 88 94 152 157 152 407 152 152 154 154 154 154 157 407 408 408 486 486 747
 58 59 83 59 61 81 82 82 83 87 94 112 112 156 156 156 156 159 159 178 178 200 229 229 315 315 340 340 504 504 561 572 573 578 715
 58 60 60 61 89 91 91 155 179 157 179 179 179 426 473 473 473 473 474 584 584 588 588 743
 63 68 98 98 98 118 118 119 242 242 242 242 242 242 242 242 242 242 242 242 244 244 244 270 286
 63 64 69 64 101 98 98 98 101 101 104 110 101 105 110 122 244 122 122 122 122 122 122 122 122 122 122 122 122 122 122 122 122 122 122 122 122 122 122 122 122 122 122 122 122 122 122 122 127 127 127 127 127 127 127 127 244 244 244 244 244 285 287 288 290
 63 65 70 99 63 71 65 102 99 99 99 200 200 266 266 267 267 267 267 275 275 428 440 546 606
 63 66 72 99 99 104 201 271 271 289 289 297 297 489 662 677 677
 63 73 100 66 103 100 100 194 194 194 194 198 283 291 655 291 599 665
 63 67 74 67 105 100 100 100 685
 64 65 75 64 76 102 197 273 273 273 273 273 273 273 273 276 466 505 505 609 652
 64 66 77 64 103 105 199 205 205 271 271 284 284 292 482 670
 64 67 78 104 460 684
 65 106 106 265 281 265 265 265 268 284 349
 65 66 107 65 108 66 70 71 107 107 107 423 423 425 425 443 443 530 560 560 613 623
 65 67 67 75 76 108 197 217 217 217 217 217 217 217 217 428 465 496 654 654 672
 66 79 109 350 362 466 478 490 501
 68 69 80 80 101 101 101 101 124 124 124 124 124 124 124 124 124 124 124 124 124 124 124 124 124 124 124 124 124 124 124 124 124 124 124 124 124 124 124 124 127 127 127 127 127 127 127 127 259 261 262
 68 70 79 102 250 252 252 289 289 348 348 414 414 437 647
 68 71 79 103 103 196 253 254 254 254 254 361 382 402
 68 72 81 68 73 81 102 104 104 249 249 249 249 253 253 276 328 405 424 429 596
 68 74 82 82 105 105 202 202 227 227 256 256 256 256 256 256 259 288 288 389 389 455
 69 72 77 83 83 102 110 110 134 138 182 134 134 134 134 134 134 134 134 134 134 134 134 134 134 134 137 137 137 137 138 138 138 138 138 138 138 182 276 482 489 647 648 649 651
 69 74 78 84 78 84 104 104 110 110 131 131 170 131 131 131 131 131 131 131 131 131 131 131 131 131 131 170 460 460 641 643
 70 72 106 106 106 106 111 111 312 312 322 322 344 344 417 585 640 648
 70 73 108 412 453 565 604 779 812
 70 74 75 77 75 108 112 112 112 112 200 200 201 201 415 496 496 563 618 721 721 793
 71 72 107 107 113 241 404 415 416 416 431 639
 71 73 109 109 233 233 413 422 442 580
 71 74 76 77 76 109 109 114 114 196 415 424 465 465 487 487 487 487 546 555 607 607
 72 73 79 79 81 81 108 113 113 311 326 326 326 326 369 417 466 466 520 567 601
 75 78 111 111 308 692 704
 76 78 113 459 459 459 459 494
 77 79 82 82 114 114 215 215 357 373 380 380 380 380 546 590 651
 80 82 84 110 133 133 133 133 133 133 133 133 169 169 387 387 391 393
 81 111 314 324 314 329 314 314 314 314 333 314 314 336 314 314 314 314
 83 84 111 115 115 115 115 115 115 148 167 324 148 167 167 167 324 737 739
 85 86 93 98 85 86 101 98 98 101 101 102 101 123 123 123 123 123 123 123 123 123 123 123 123 243 243 243 243 243 243 243 243 274 294
 85 87 99 91 129 161 130 130 161 161 161 258 258 321 321 477 514 524 524
 85 88 94 85 89 99 99 110 110 111 111 112 112 118 118 129 129 129 129 145 145 176 200 232 232 255 255 297 297 327 444 450 505 505 572 576
 85 90 95 100 85 93 95 96 100 100 104 140 188 140 145 140 140 140 140 140 140 140 140 140 140 141 145 188 272 462 272 272 272 272 272 272 272 463 628 655 657
 86 87 102 87 92 208 208 208 266 266 277 524 277 410 524 638
 86 88 96 86 90 104 88 102 104 207 207 272 272 272 272 272 272 272 272 276 278 278 462 509 628 683
 86 89 97 103 86 105 89 90 103 105 195 204 275 523 275 277 277 277 277 283 283 610 626
 87 88 106 106 111 229 229 323 323 340 345 344 371
 87 89 107 112 235 235 235 444 235 235 235 561 574 575
 87 90 108 87 413 420 420 420 420 541 553 603
 88 89 91 91 94 107 107 155 156 156 157 322 322 385 385 385 385 416 416 426 474 744
 88 90 92 88 92 113 96 108 113 228 406 406 406 406 417 464 491 491 605 756 782
 89 90 109 89 92 92 97 109 114 114 533 570 565 570 571 571 600 604 777
 91 92 91 92 93 103 129 136 129 136 185 185 252 252 310 410 476 476 510
 93 101 101 103 117 117 117 117 117 117 123 144 123 123 123 123 123 125 125 125 125 125 125 125 125 125 125 125 125 125 125 125 125 125 125 144 274 299
 93 94 96 93 97 94 102 110 110 110 113 110 113 114 114 119 119 130 268 130 130 130 130 130 130 130 130 130 130 130 130 130 130 130 132 132 132 132 141 141 158 268 268 268 276 405 466 466 530 543 546 602 625 627
 93 95 97 105 142 142 142 143 143 190 205 277 277 529 539 674
 94 106 110 115 115 115 115 115 115 115 115 115 118 128 138 255 128 128 128 128 128 128 128 138 138 138 149 159 159 255 255 344 403 631 634 635 635
 94 95 94 95 96 97 108 153 162 153 162 162 162 162 162 162 162 189 404 443 404 417 443 531 748 806
 96 111 111 236 236 309 324 324 324 324 703 797
 96 97 112 112 113 229 231 229 404 495 495 581 794
 97 114 233 542 603 810
 98 101 116 116 116 116 116 116 116 116 116 116 116 116 116 116 116 117 121 121 121 121 121 121 121 121 121 121 121 121 121 121 121 121 121 121 121 121 121 121 121 121 121 121 121 121 121 121 121 121 121 121 121 121 121 121 121 121 121 121 121 121 121 121 121 121 192 192 192 192 192 192 192 192 192 192 192 192 192 192 192 192 192 192 192 192 192 192 192 192 192 192 192 192 192 192 245 246
 98 99 102 98 98 103 99 243 243 293 243 243 243 243 243 243
 98 100 104 244 244 303
 98 105 117 100 117 117 117 117 117 117 117 120 119 120 193 242 259 193 193 193 193 193 193 193 193 193 193 193 193 193 193 193 242 242 242 242 242 242 242 242 242 242 242 244 269 288 302
 99 106 118 99 107 106 107 200 254 254 255 348 376 383
 99 100 108 119 99 100 100 109 194 194 194 194 201 267 267 301 301 424 654 654 666
 102 106 106 106 108 106 118 118 250 258 258 258 258 268 268 382 435 452 452 546
 102 103 107 103 107 107 108 109 107 109 119 119 196 266 266 275 275 283 283 414 414 602 606 619
 102 104 108 111 104 113 111 111 113 111 118 118 118 118 249 249 249 249 255 255 255 255 276 328 428 489 595 599
 102 105 112 105 114 108 112 112 114 112 119 119 196 197 197 266 266 295 295 295 295 301 301 301 301 454 454 618 687
 103 104 109 113 113 119 198 268 268 271 271 292 405 629 675
 103 105 109 114 114 120 120 120 120 120 120 194 194 194 194 197 203 203 203 203 283 295 295 602 664
 118 247 264 247 247 247 387 394
 118 119 118 119 227 248 259 248 248 248 248 248 248 248 248 248 248 248 269 269 457
 119 120 120 120 681
 121 122 121 124 121 121 121 121 121 121 121 121 121 121 121 121 121 121 121 121 242
 121 123 121 121 125 121 121 121 121 121 121 121 121 121 121 121 121 121 121 121 121 121 121 121 121 121 121 121 121 121 121 121 121 121 121 121 121 121 121 121 121 121 121 121 121 121 121 121 121 121 192 192 192 192 192 192 192 192 192 192 243
 121 126 121 121 121
 121 127 121 121 121 121 121 121 121 121 121 121 121 121 121 121 121 121 121 121 121 121 121 121 121 192 192 192 192 192 192 192 192 192 192 192 192 192 192 192 192 192 192 192 192 192 192 192 192 192 192 192 192 192 192 193 244
 122 128 242 122 122 122 151 151 242 242 265 279 279
 122 123 129 122 130 122 136 122 243 122 122 122 122 122 122 122 122 122 122 122 122 123 123 123 123 123 130 242 249 242 242 242 242 242 242 242 242 242 242 242 243 243 243 266 272 273 273 277 277
 122 124 131 122 133 122 122 124 131 256
 122 125 132 122 122 122 122 122 122 122 122 122 122 122 122 122 122 122 123 125 140 123 125 125 125 126 125 125 125 125 125 125 125 126 126 126 126 126 126 126 140 142 193 193 193 193 271 283
 122 134 122 135 122 122 122 122 122 122 123 123 123 124 124 124 124 124 124 124 124 124 124 124 124 134 136 249 252
 122 126 137 122 138 122 122 122 127 122 122 122 126 126 126 126 126 126 127 126 126 126 126 126 138 243 243 243 243 271 284 289
 123 139 123 126 142 123 123 126 126 126 126 126 126 126 126 126 126 126 126 126 126 126 139 242 250 242 242 242 242 242 242 242 242 242 242 242 244 268 284
 123 124 123 123 123 123 123 124 124 126 124 124 124 124 124 124 124 124 124 124 124 124 124 124 127 124 124 124 124 124 124 124 126 126 126 126 126 126 126 126 126 126 126 127 132 137 146 146 250 253
 123 141 123 145 123 123 123 127 123 123 123 123 123 123 123 127 127 127 127 127 127 127 145 243 243 243 243 243 243 243 243 244 244 244 244 244 244 275 276 278 278 291 295
 123 143 123 123 123 123 123 125 125 125 125 125 125 125 125 125 127 125 125 125 125 125 125 125 125 125 127 127 127 141 143 193 193 193 193 193 193 194 275 292
 124 124 124 124 128 147 147 257
 124 125 124 124 124 124 124 124 124 124 124 124 124 125 125 125 125 125 125 125 125 129 135 254 296
 124 124 133 247 247
 128 129 247 128 128 128 129 150 156 247 247 247 254 247 247 247 247 247 247 247 247 254 352
 128 130 248 128 130 162 248 248 258 432
 128 131 148 249 128 128 128 131 131 131 134 131 131 131 131 134 134 134 148 152 148 322 152 155 249 584
 128 132 149 250 128 128 128 128 128 128 128 128 128 128 128 128 128 128 128 132 132 132 149 153 149 149 153 158 250 250 259 381 382 516 516 630
 128 133 128 128 128 129 133 154 129 133 133 133 133 296 133 133 133 133 133 133 135 135 148 148 148 323 154 154 154 156 156 296 296 296 323 352 352
 128 134 150 128 134 134 134 157 251 385 473
 128 128 128 256 128 136 136 150 155 150 160 160 252 256 256 358 584
 129 130 139 151 130 139 139 151 151 160 151 216 248 249 248 248 248 248 248 248 248 248 248 248 248 266 267 273 273 419
 129 131 152 129 131 132 131 165 131 271 131 131 131 131 131 131 131 131 131 131 131 131 132 152 249 308 249 271 308 308 308 415 458 459 459 459 459 538
 129 132 140 153 129 143 129 129 132 173 140 140 140 140 140 140 140 140 140 140 140 143 143 143 194 194 194 194 249 309 249 249 249 271 271 309 309 309 404 404 413 464 465 491 570
 129 134 155 129 129 129 132 132 132 132 134 134 134 134 134 134 134 134 134 134 134 134 134 134 134 155 172 250 250 275 275 312 312 316 415 442 464 484 487 487 533
 129 135 156 129 135 135 135 179 179 306 306 306 306 317 306 306 314 314 314 314 325 314 314 314 314 317 325
 129 141 157 129 129 129 136 184 283 136 136 136 141 157 184 228 253 253 283 316 332 438 442 483 487 487 570
 129 137 142 129 129 129 137 137 137 141 142 142 153 177 228 252 252 252 252 283 292 311 423 431 465 492 533
 129 144 158 129 129 129 129 129 129 129 132 174 132 132 132 143 143 144 143 143 143 143 143 143 144 144 144 144 144 144 195 196 250 250 259 259 274 274 275 275 313 313 328 413 423 446 446 463 465 465 529 529 535 535 552
 129 160 129 136 183 136 142 142 142 160 183 217 217 217 217 256 256 256 256 256 256 283 318 318 443 443 507 538
 129 129 156 235 235 235 235 235 235 254 254 323 323 325 325
 129 162 129 130 267 130 130 130 145 145 157 162 162 162 229 229 255 255 267 324 324 326 406 408 408 425 561 571
 129 129 138 138 138 138 139 139 139 145 159 175 200 258 258 258 258 267 297 322 322 420 420 426 502 505 571
 130 131 130 131 131 136 131 273 131 131 131 131 131 131 131 131 136 151 152 151 154 151 151 154 168 168 168 168 175 210 210 210 272 272 273 502 614
 130 133 146 130 133 133 133 133 133 138 152 167 168 168 340 380 380
 130 134 266 130 130 130 134 134 134 136 136 156 326 380 380 406 485 571
 130 130 130 138 130 130 130 130 130 132 138 132 138 138 138 138 138 301 138 141 142 142 142 153 159 159 266 266 289 289 301 404 404 466 495 531 542 542 542 542 546 603
 130 135 130 130 130 135 135 135 139 139 139 145 146 146 146 146 155 175 178 307 307 326 326 329 339 353
 131 133 163 131 133 163 163 384 384
 131 135 164 131 131 131 135 140 140 140 183 308 308 350
 131 138 166 272 131 131 167 131 137 138 166 167 272 458 640
 131 168 131 137 168 171 273 459 273 459 490
 132 135 172 132 135 135 135 135 135 135 135 143 143 184 309 309 311 351
 132 175 132 136 137 136 136 136 137 137 137 139 139 139 145 139 139 139 145 175 177 266 266 268 268 291 291 412 412 415 417 490 490 496 598 598 613
 132 178 132 136 136 136 136 137 137 137 137 141 142 142 142 173 178 215 215 277 277 277 277 284 284 295 295 464 496 528 528 531 601 604
 132 133 134 133 133 133 133 133 133 133 133 133 133 133 134 135 134 134 135 164 164 165 318 318 357
 133 147 133 135 133 133 135 147 147 147 147 147 147 147 147 147 147 147 147 147 147 147 148 148 320 148 150 150 320
 133 136 133 133 137 133 133 133 133 133 133 133 133 133 136 146 146 165 166 166 171 171 341 379 379
 134 136 179 134 136 277 480 480 485 597
 134 181 134 135 135 144 181 181 185 310
 135 136 135 135 135 135 135 135 135 136 136 136 141 142 142 142 146 146 146 146 146 146 146 146 172 173 177 312 312 316 316 332 338 369
 139 187 139 139 139 139 139 141 142 142 142 144 144 144 144 145 145 187 190 190 197 199 266 266 269 269 285 285 411 423 428 530 545
 141 143 189 141 143 233 233 237 237 237 278 295 295 557 581 607
 141 144 142 142 142 144 188 191 198 277 277 288 288 527 535 543
 141 141 143 143 143 143 145 145 145 145 189 189 236 236 276 291 291 301 301 557 557 563 565 569 569 581 605
 148 306 148 314 239 239 239 306 314 306 314
 148 149 307 148 326 148 327 148 168 148 169 148 149 152 152 155 152 152 155 168 168 168 168 168 168 168 169 180 180 213 307 315 326 480 480
 148 163 308 148 163 163 163 163 163 164 163 163 163 163 163 163 164 308 689 689
 148 150 325 148 148 317 148 148 148 150 150 150 154 156 154 154 154 156 179 179 179 179 317 325 745 745 745 745 745 745
 148 164 311 148 148 148 148 318 148 150 150 181 150 150 164 164 164 165 165 172 181 181 181 181 181 181 181 181 181 181 181 318 733 733 733 733
 148 312 148 313 148 148 148 166 316 148 148 148 148 148 148 148 149 149 149 149 165 165 165 165 166 166 166 182 166 166 166 166 170 170 172 172 182 312 316 328 718 734 734
 148 148 164 164 164 164 309 699
 149 172 149 174 149 149 150 150 150 150 150 150 150 150 172 173 173 222 338 346 373 379 379 379 389 734 734 734
 149 176 149 150 150 150 150 155 155 175 175 339 348 360 380 380 380 387 480 480 480 736
 150 150 164 164 183 183 350 384 384 384 689 689 689
 150 179 179 239 239 239 239 239 239 239 239 239 239 239 239 352
 150 150 150 150 172 184 354 357 699 699 699
 150 156 306 323 306 306
 151 155 151 156 151 151 151 151 162 151 151 156 162 162 162 175 175 216 216 249 256 249 256 256 256 256 256 266 272 272 277 277 419 425 614
 152 153 152 166 166 166 166 219 307 308 307 308 312 308 312 501 691
 152 154 163 152 154 163 163 163 163 163 163 163 459 163 165 163 163 163 163 458 163 163 163 163 163 163 163 163 163 163 163 163 163 163 163 209 163 163 163 163 163 163 163 163 165 209 209 209 209 209 209 209 209 458 459 690 690
 152 156 164 404 152 152 152 156 164 172 164 164 308 308 318 308 308 318 404 458 458 464 712
 152 152 168 153 165 173 168 168 168 168 168 168 168 168 168 168 168 168 168 168 168 308 326 308 308 316 308 308 308 316 326 460 462 466
 152 158 405 152 169 152 152 165 165 169 169 169 169 169 169 169 174 214 458 458 458 482 458 460 460 482 484 484 691 691 691 691 714
 152 406 152 160 152 152 162 154 162 154 154 154 159 160 162 162 167 167 167 167 216 169 169 176 178 210 210 210 210 210 210 216 406 485 485 504 505 715
 152 159 152 167 159 165 167 167 167 167 167 167 167 177 406 406 458 458 460 489 495 695 695 695 695 695 695 713
 152 152 152 152 158 170 170 238 405 459 487 459 459 459 459 459 459 459 460 460 481 487
 153 156 172 153 156 156 156 183 183 184 183 183 184 218 218 309 309 318 309 309 318 318 318 413 415 463 464 529 529 712
 153 153 155 155 155 155 158 182 182 240 409 409 409 412 414 414 415 415 462 523 560 714
 153 176 153 157 158 157 157 157 173 599 173 600 176 188 188 188 188 189 189 230 231 231 418 424 464 464 467 532 532 533 533 536 703 703 749 757
 153 154 155 154 154 154 154 154 154 154 155 164 164 164 164 164 164 164 164 164 164 164 164 165 183 165 166 166 166 507 166 166 166 166 166 172 172 173 183 183 183 211 211 211 211 463 465 491 507 700 712 712
 153 153 156 156 156 156 156 156 156 156 158 173 174 173 182 182 182 182 195 196 311 311 357 357 357 357 410 423 442 463 509 517 533 535 535 700 720
 153 161 159 161 159 161 161 161 161 161 161 188 191 201 404 420 420 469 541 541 547
 153 153 155 180 155 155 155 158 172 172 173 173 174 180 180 180 180 180 180 180 219 219 220 220 238 238 412 412 427 427 462 464 464 523 528 528 538 538 539 565 714 767
 153 153 157 157 189 157 157 158 174 175 175 175 175 187 187 187 187 189 204 207 207 230 415 415 418 422 422 430 442 442 467 527 530 549 602 641 641
 154 158 154 154 154 154 154 154 154 165 487 165 484 165 165 170 170 170 170 174 184 184 184 184 211 211 211 211 218 218 484 487 509 720 741 741
 154 160 154 160 165 171 171 171 171 177 211 217 217 492 742 742
 155 156 155 156 164 164 164 164 165 165 318 384 318 384 384 384 384 384 384 384 384 384 384 384 415 507 507 538 690 690
 155 157 160 160 178 178 179 179 179 179 213 213 221 221 419 480 480 485 488 488 561 597 597 614 736 736
 155 181 155 156 156 172 181 181 181 181 181 181 181 181 181 181 181 316 379 379 423 484 538 742 742
 155 160 156 159 156 444 157 159 160 232 232 327 380 380 387 387 425 485 486 486 502 502 571
 155 156 161 156 161 161 161 161 161 162 161 161 162 162 162 176 200 307 340 307 329 340 406 407 419 420 420 574 574 614
 156 157 156 156 160 443 156 157 160 160 160 172 177 177 228 312 312 332 341 341 438 443 483 484 533 700
 156 158 442 156 156 156 172 184 184 185 185 185 185 196 328 379 379 389 389 491 491 552 570 740 741 741
 156 235 179 235 235 317 352 352
 158 451 158 160 160 160 160 160 160 160 160 174 606 176 176 190 190 190 190 191 191 191 191 224 224 227 227 240 240 451 451 451 481 489 496 496 604 610 613 618 621 714 767 768
 158 453 159 162 159 159 159 162 162 162 162 162 162 162 189 190 190 227 405 451 451 453 454 454 495 495 603 625 776 789
 163 168 163 166 163 166 168
 163 167 210 163 163 171 163 167 171 209 209 209 209 209 209 210 692 692 695 695
 163 169 460 163 163 163 170 163 163 163 163 163 163 163 163 169 170 209 209 209 209 209 209 209 209 209 209 209 209 209 209 209 209 209 209 211 211 212 212 460 691 691
 164 165 164 164 164 165 172 179 179 179 179 464 689 689 689 689 689 689 689 689 689 689 689 689 690 690 701 701 712 733 733 733 733
 164 166 164 164 170 164 166 166 166 166 170 166 166 166 180 180 180 180 182 182 219 462 690 690 690 690 702 712 712
 164 168 164 168 168 168 168 169 168 168 168 169 182 182 215 458 458 466 501 507 507
 165 480 166 166 166 166 173 212 215 480 689 689 689 689 689 689 689 689 689 702 734 734
 165 481 165 170 170 174 212 212 212 212 214 690 690 723 741 741
 165 166 166 490 166 166 175 175 379 380 384 379 380 384 384 384 384 384 384 384 384 640 692
 165 485 165 171 171 171 171 171 171 171 171 177 178 178 212 212 485 496 690 690 692 692 713 719
 165 170 489 165 170 176 176 690 690 692 692 692 692 719 721 742 742
 172 173 173 179 183 179 179 179 179 179 179 179 183 183 183 184 184 218 218 538 570 699 699 699 699 701 699 699 699 699 699 699 699 699 700 701 712 733 733 733 733 733 733 733 733 752 752
 172 174 179 184 179 179 179 179 185 179 179 179 184 185 185 185 195 222 222 533 700 718 718 734 734 740 742 742 752 752 780 780
 172 175 172 175 175 175 176 176 182 182 528 538 538 542 542 546 569 601 640 640 721 721 779
 172 172 173 173 174 182 182 225 225 233 234 234 234 234 234 234 528 539 701 701 701 701 702 702 723 723 781
 172 179 181 179 181 181 181 181 181 535 701 734 734 741 741
 173 178 175 177 175 178 185 185 185 185 187 187 190 190 197 199 202 202 538 540 571 571 596 600 705 705 758
 173 597 177 185 185 188 191 198 597 701 709 709 749 756
 174 178 603 176 177 613 176 177 178 178 178 184 184 184 184 189 189 191 191 191 191 214 223 223 238 238 618 625 713 721 721 767 768 771 775 775 779 779 796 786 796 796 796
 174 604 177 177 184 184 189 190 190 223 226 621 719 723 723 781 781 783 783 788 796 796
 175 176 175 179 180 179 179 179 180 221 232 524 571 584 588 584 584 597 584 597 614 715
 193 193 193 193 193 194 193 243 295 243 301
 194 259 194 194 194 196 254 254 373 382
 194 215 271 501
 194 194 194 194 233 275 560 275 565
 194 271 466
 195 196 225 225 404 405 442 404 462 464 482 501 501 501 501 523 565 533 781 781
 195 196 235 410 235 235 235 235 235 235 235 235 235 235 235 413 517 570
 195 197 197 204 208 208 208 208 208 208 561 565 561 571 571 602 604 603 603 610 647 647 776 776
 195 196 214 215 215 215 215 240 240 415 427 423 427 462 481 523 535 535 538 565
 195 218 218 222 346 352 352 389 630
 195 219 219 220 220 767 464 481 533
 195 214 535 538 535 539 702 702 767
 195 197 197 204 207 207 223 223 228 570 581 596 601 598 598 605 621 629 629
 195 199 199 224 224 227 227 230 232 232 232 232 419 427 419 427 430 523 547 610 625 660 660
 195 198 198 223 223 225 225 228 231 231 570 581 601 618 628 756 757 786
 196 414 415 560 414 423 466 466 482 560
 196 197 197 205 205 227 443 546 602 607 618
 196 198 198 226 227 443 539 599 621 753
 196 233 233 404 404 405 442 466 466 539
 196 199 199 226 226 241 241 423 430 438 549 560 560 565 567 569 569 610 613
 196 199 199 200 200 201 201 227 227 414 425 414 424 425 454 454 546 549 563 606 609 609
 196 198 198 233 233 233 233 241 241 423 424 438 536 565 567 604 606 786
 197 268 269 295 452 452
 197 199 202 215 490 496 647 651 705
 198 201 466 469 495 567
 199 284 648 285 291
 200 200 266 266 276 284 284 284 284 423 546 613
 200 201 200 201 241 241 442 444 444 453 453 537 560 560 599 606 611 611 613 648 648 779 779
 200 200 415 420 417 420 420 420 489 613 640 640
 200 216 323 324 216 344 348 387
 200 229 232 235 235 235 235 235 235 416 425 419 426 524
 200 200 201 201 229 230 229 229 229 236 413 236 236 236 417 531 537 545 563 625 628 771
 201 288 289 301 651
 202 203 203 203 205 203 205 215 350 361 373 465 476 476
 202 204 202 206 206 213 213 222 222 224 224 238 238 584 589 584 630 633 633 633 633
 202 212 384 392
 202 202 202 205 202 204 204 205 205 205 214 224 224 226 226 527 538 552 568 568 700 720 740 740
 203 204 203 203 203 233 568 570
 204 222 473 476 487 473 476 480 487 480 589 630
 204 206 206 206 206 220 220 240 528 533 568 749 772 772
 204 206 206 214 219 357 361 362 379 379 392 392 392 527 589
 204 205 205 225 225 226 338 351 361 361 517 529
 206 207 206 208 208 208 221 221 596 597 597 613 767 771 780
 206 206 207 207 219 230 640 641 646 647 648 703 714
 207 207 228 236 236 417 428 529 611 677 677 783 783
 207 208 208 208 229 229 420 428 420 446 452 453 452 453 603 605
 210 210 210 210 216 210 210 211 216 217 217 458 459 459 495 496 721
 211 211 211 211 218 218 238 690 690 714 723
 212 213 212 213 219 689 690 689 689 689 689 689 690 700 718
 212 214 212 212 212 238 690 690 720
 212 215 308 313 459 465 459 459 459
 213 214 213 213 213 219 219 220 220 240 240 516 517 527 516 528 516 533 516 538 528 584 584 584 584 630 630 734 734 734 734
 213 239 239 473 480 239 239 239 239 239 239 239 239 239 239 239 239 239 239 239 239 584
 213 213 213 213 214 220 220 222 222 712 733 733 733 733 734 734 740 742 742 749
 213 215 213 215 219 464 480 480 480 480 538 570 699 699 699 699 699 699 718 734 734 796 796
 214 223 713 719 771 776 786 789 796 796
 214 215 215 215 215 225 225 233 234 233 234 234 234 234 234 234 234 234 234 234 234 311 313 313 316 316 338 373 373 464 517 527 535 535
 214 222 222 225 225 712 718 718 733 733 733 733 734 734 740 741 741 749
 214 224 224 226 772 226 238 240 240 772 720 742 742 772 772
 216 216 272 507 272 284 289 640
 216 216 216 216 406 406 453 484 613 779
 216 216 221 229 317 329 353
 217 268 273 273
 217 218 217 217 217 485 487 485 487 603 604
 217 217 217 217 218 228 325 332 325 369
 218 219 702 712
 218 742 218 240 741 741 742 767 781
 218 462 712
 219 220 219 225 238 238 712 720 700 712 749
 219 309 312 312 313 464 529 796
 219 221 219 221 221 221 228 531 538 533 597 597 597 601 597 603 640 640 701 701 713 719 779 779
 220 224
 220 221 220 221 221 221 223 230 748 752 758 768 776
 222 239 239 239 239 239 239
 224 225 226 226 517 533 552 589 589 749
 226 233 233 354 362 373 589 796
 226 227 405 451 451 482 489 606 610 788
 228 229 229 229 229 266 266 268 268 268 268 276 277 278 571 277 277 277 278 289 289 289 289 417 442 453 453 571 598 598 603
 228 230 241 241 533 545 552 604 605 613 646 646 756 767 781 781 788 788
 228 231 231 237 529 237 237 237 237 237 531 543 748 775 775 789
 228 232 232 232 232 462 464 489 490 490 490 490 531 533 538 546 569 569 571 571 604 713
 228 235 431 235 235 235 235 443 235 529
 228 230 240 240 241 241 533 543 552 603 604 607 607 651 651 758 771 779 779
 230 231 231 238 462 467 525 525 567 721
 231 232 232 240 240 241 525 535 547 569 569 574 574 789 789
 233 234 234 234 234 234 234 240 528 535 533 535 570 749 796 796 796 796
 233 233 238 464 465 465 487 487 527 552 570
 234 234 234 733 734 734
 235 235 235 266 277 420 571
 235 404 235 535
 235 235 235 442 235 235 235 235 235 235 235 235 235 415 423 464 533 538
 236 557 276 278 605 611
 238 240 240 527 529 529 538 552 700 741 741
 239 239 239 239 239 239 689 689 699 699
 239 733 239 239 734 239 239 239 239 239 239 239 239 239 733
