 1 91 91 91 91 91 94
 1 2 1 3 1 2 2 3 2 2 2 2 6 2 2 7 2 2 2 22 54 22 22 22 22 22 22 22 22 22 22 57 22 22 22 22 22 22 22 22 22 22 22 22 22 27 27 27 27 27 27 27 27 47 54 98 98 154 154 159 159
 1 93 1 1 4 3 3 4 93 93 93 98 116 132 132 141 154 154
 1 5 1 92 92 97 97 97 97 97 97 97 97 134 162 162 170
 1 1 6 1 1 1 1 5 6 93 93 93 93 93 93 93 93 98 98 134 138 144 153 153 153 153
 1 7 1 7 91 91 91 91 91 91 91 91 91 91 91 91 91 91 91 91 91 91 91 91 91 91 91 91 91 91 91 91 91 91 91 91 91 91 91 91 91 91 91 91 95
 2 4 23 64 64 64 64 85 105
 2 5 2 2 2 23 65 23 23 23 65 65 65 84 107
 3 145 145 145 159 145 145 145 145 145 145 145 160 145 145 145 145 145 145 145 145 145 145 145 145 145 145 145 145 145
 3 3 4 4 4 4 108 108 129 129 151 210 214
 3 5 3 5 8 8 8 8 106 106 107 107 113 113 113 113 188 188 196
 3 3 6 3 3 5 5 6 9 9 108 108 108 136 108 108 108 108 108 130 136 136 136 151 151 151 151 209 212
 3 3 7 3 3 6 6 7 7 7 9 9 93 93 93 93 93 93 93 93 93 93 93 93 93 93 93 93 98 98 98 98 127 127 137 137 139 154 154 154 154 159 159 159 159
 4 5 4 4 4 9 9 104 104 125 104 104 123 124 124 125 164 164 167 167 167 167 167 167 167 167 228
 4 6 4 4 4 8 8 8 8 9 105 105 105 105 106 106 115 115 121 182 182 191 191 200
 4 7 4 9 92 99 92 92 99 99 99 99 99 99 99 127 132 132 165 172
 5 10 10 63 63 63 63 74 80 80 80 80 80 80 80 80 80 80 80 80 124 124 164 227
 5 6 5 11 6 10 10 10 10 11 42 42 42 42 42 42 42 42 52 52 52 52 71 71 71 71 130 151 151 219 222
 5 7 7 11 11 38 56 38 38 38 38 38 38 38 38 38 38 38 38 38 38 38 56 56 56 98 98 126 134 138
 5 12 12 12 12 104 104 125 125 140 140 163 163 163 163 163 163 163 163 163 163 163 163 167 167 167 167 229
 5 13 13 43 43 65 65 65 65 89 180
 5 5 14 6 6 13 13 13 13 14 106 106 106 106 107 107 115 115 115 115 121 121 188 188 192 198
 5 7 7 14 14 92 92 92 92 92 92 99 99 99 99 99 99 99 99 99 99 99 99 99 99 99 99 131 131 134 166 166 171
 6 11 36 36 36 36 36 36 36 36 36 36 36 36 36 36 36 36 36 36 55 56 59 154
 6 7 7 15 11 15 15 15 15 15 22 56 22 22 22 22 22 22 22 22 22 22 22 22 22 22 22 22 22 22 22 22 22 22 22 28 28 28 28 28 28 28 28 28 28 28 28 56 98 98 148 148 153 153 155 161
 6 12 12 16 16 16 93 93 93 93 96 96 96 96 96 96 96 96 96 118 118 133 141 159 159
 6 14 108 108 135 135 151 211 215
 6 7 7 14 17 17 17 17 17 17 93 93 93 93 93 93 93 93 98 98 128 131 142 149 149 149 149 149 149 153 153
 7 16 16 16 91 91 91 91 91 91 91 91 91 91 91 91 91 91 91 91 91 91 91 91 91 91 91 91 91 91 91 91 91 91 101
 8 9 10 8 8 11 8 10 40 43 40 43 66 66 105 105 105 105 182 182 189 189 190
 8 12 46 64 64 64 64 90 178 178
 8 13 8 8 14 8 9 13 109 113 109 113 113 113 115 115 176 179 181 181
 9 10 14 15 15 15 15 15 15 20 23 66 23 23 23 23 23 23 23 23 23 23 23 66 109 109 109 121 121 168
 9 9 11 11 39 39 39 39 49 49 49 49 49 49 49 49 130 213 216
 9 12 12 16 16 16 92 92 92 97 97 97 97 97 97 97 97 97 97 97 97 118 118 127 165 169
 9 13 17 17 17 106 113 113 121 185 199 199
 9 9 14 14 104 122 104 104 104 122 122 122 123 164 164 164 164 232
 10 18 31 31 31 31 31 31 31 31 34 34 34 34 34 34 34 34 76 76 83 87
 10 11 10 11 18 18 18 18 18 18 30 55 30 30 30 30 30 30 30 30 30 30 30 30 30 30 30 30 30 30 30 30 30 30 30 30 30 30 30 30 30 30 30 33 33 33 33 33 33 33 33 33 33 33 33 55 73 77 79 79
 10 12 19 10 13 12 12 13 12 19 19 40 40 46 46 46 46 66 66 121 191 191 195 199 199
 10 20 13 13 43 46 46 109 173 179
 10 14 10 14 20 20 63 72 63 63 63 63 63 63 63 72 72 72 74 82 82 82 82 82 82 123 164 164 226
 11 15 15 15 18 18 18 21 27 21 21 21 21 21 21 21 21 21 21 21 21 21 21 21 21 21 21 21 21 21 21 21 21 21 21 21 21 21 21 21 21 21 21 21 21 21 21 21 21 21 21 21 21 21 21 21 21 21 21 21 21 21 21 21 21 21 21 21 21 21 21 21 21 21 21 21 21 21 21 21 27 27 27 33 33 33 33 33 33 53 55 58 60
 11 12 12 12 14 12 19 19 19 39 39 129 39 39 48 48 48 48 48 48 48 48 48 48 48 48 49 49 49 49 117 117 129 207 208
 11 13 11 13 13 14 13 14 20 20 20 20 40 40 40 40 43 43 43 43 66 66 66 66 107 107 192 192 201
 11 14 16 16 16 16 16 16 19 19 19 38 51 38 38 38 38 38 38 38 38 38 38 38 38 38 38 38 51 51 51 51 51 56 56 98 98 128 131 143
 11 17 14 17 17 17 17 17 20 20 42 42 42 42 52 52 75 75 135 135 151 218 220
 15 16 15 17 16 17 19 22 28 51 22 22 22 22 22 22 22 28 28 28 51 96 147 96 96 96 96 96 146 147 149 149 157
 18 18 29 29 29 29 29 29 32 29 29 29 29 29 29 29 29 29 29 29 29 29 29 29 29 29 29 29 29 29 29 29 29 29 29 29 29 29 29 29 29 29 29 29 29 29 29 29 29 29 29 29 29 29 29 29 29 29 29 29 29 29 29 29 29 29 29 29 29 29 29 29 29 29 29 29 29 29 29 29 29 29 29 29 29 29 29 29 29 29 29 29 29 29 29 29 29 29 29 29 29 29 29 29 29 29 29 29 29 29 29 29 29 29 29 29 29 29 29 29 29 29 29 29 29 29 29 29 29 29 29 29 29 29 29 29 29 29 29 29 29 29 29 29 29 29 29 29 29 29 29 29 29 29 29 29 29 29 29 29 29 29 29
 18 19 18 18 20 19 19 30 30 30 30 30 30 30 30 30 30 30 30 30 30 30 30 33 33 33 33 33 33 55 70 76 76 78
 18 18 20 20 31 31 31 31 31 31 31 31 31 31 31 31 31 31 31 31 34 81 34 34 34 34 34 34 34 34 34 34 34 34 34 34 34 73 81 86
 19 36 36 36 51 149 156
 19 20 19 19 20 37 75 37 37 37 37 37 37 37 52 52 75 221 223
 20 20 62 74 62 62 62 62 62 62 62 62 62 62 62 62 62 62 62 82 82 82 231
 21 29 21 29 29 29 29 29 29 29 29 29 29 29 29 29 29 29 29 29 29 29 29 29 29 29 29 29 29 29 29 29 29 29 29 29 29 29 29 29 29 29 30
 21 22 30 21 21 21 21 21 21 21 21 21 21 21 22 30 30 30 38 38 42
 21 23 21 21 21 21 21 21 21 21 21 21 21 21 21 21 21 21 21 21 21 21 21 21 21 21 21 21 21 21 21 21 21 23 30 30 30 30 30 30 30 30 34 34 34 34 39 39 43
 21 31 21 21 21 21 21 21 21 21 21 21 21 21 21 21 21 21 21 21 21 21 21 21 21 23 31 31 31 31 31 31 31 31 31 31 31 33 40 44 49
 21 21 21 21 21 21 22 36 36
 21 24 21 21 21 25 21 21 24 24 24 25 25 31 31 31 31 45
 21 26 21 21 28 21 21 21 21 21 21 21 21 21 21 21 21 21 21 21 21 21 21 21 21 21 21 21 21 21 21 21 21 21 21 21 21 21 26 26 26 28 28 33 33 33 33 33 33 50 52 56
 22 36 22 22 22 36 36 145 145 145 145 145 145
 22 23 37 22 22 22 22 22 22 22 23 23 37 37 37 38 38 38 42 38 38 38 42 46 97 97 97 113 113
 22 38 22 22 22 38 91 91 91 91 91 91 91 91 91 91 91 91 93 91 91 91 91 91 91 91 91 91 91 91 91 91 91 91 91 91 91 93
 22 40 22 22 22 45 22 22 22 22 22 22 22 22 22 22 22 22 22 22 22 22 22 22 22 22 23 23 23 23 23 23 40 45 52 92 92 92 92 92 92 92 92 92 98 106 106 106 106 114 114 151
 22 22 22 22 22 22 22 22 39 93 93 93 93 108
 22 42 22 43 22 22 22 22 22 22 22 22 22 22 22 22 22 22 23 23 23 23 23 23 42 93 93 93 93 93 93 99 99 99 99 108 108 108 108 115 115
 22 24 44 22 22 22 26 22 22 24 24 24 24 24 24 24 24 24 24 24 24 24 24 24 24 24 24 26 24 24 24 24 24 26 26 44 92 92 92 114 114
 22 25 48 22 25 25 25 25 25 28 48 96 96 96 149 158 158 158 158
 22 49 22 22 22 22 22 25 25 25 25 25 25 25 25 25 25 25 25 25 28 25 25 25 25 25 28 28 49 98 150 150 159
 22 27 50 22 22 22 55 22 22 22 22 22 22 22 22 22 22 22 22 22 22 22 22 22 22 22 22 26 26 26 26 26 26 26 26 26 26 26 26 26 27 26 26 26 27 27 27 27 27 27 50 98 98 98 98 150 150 151 151 152 152 152 152 153 154
 23 62 24 24 24 24 24 24 24 24 62 63 62 62 62 62 62 62 63 63 80 167
 23 63 23 24 23 23 24 24 24 24 24 24 24 24 24 24 24 24 24 24 24 24 24 24 24 24 24 24 24 24 82 24 24 24 24 24 24 24 63 63 63 104 104 104 104 104 104 164
 23 23 23 23 23 23 23 28 23 23 23 23 23 28 28 28 28 28 28 28 28 28 28 28 66 66 71 75 112 112 121 127 131 135 136
 23 67 23 23 23 23 26 23 23 74 23 23 23 23 23 26 26 26 26 26 26 26 26 26 26 26 26 26 26 26 67 110 110 110 120 120 123 175
 23 23 23 23 23 27 23 23 23 23 23 23 23 27 27 27 27 27 27 27 67 67 73 107 107 120 130 134
 23 68 23 23 27 27 68 76 105 105 119 129 132
 23 23 23 72 26 26 26 26 68 68 111 111 111 119 119 122 177
 23 69 23 23 23 25 25 25 25 25 25 25 25 25 25 25 25 25 25 25 25 25 25 25 88 25 25 25 25 25 69 69 69 112 124 125
 29
 29 29 29 29 29 29 29 29 29 29 29 29 29 29 29 29 34
 34 34 82
 43 43 73 134 192
 46 76 118 191
 63 79 63 63 63 74 79 81 81 81 134 135 135 164 224 224
 67 67 79 79 182 182 213
 81 82
 91 91
 91 91 91 91 91 99 91 91 91 91 91 97 97 99
 93 93 98 124 135 152 152 152 152 154
 97 163 167
 99 99 164
 105 105 105 105 108 114 154 182
 108 108 108 108 123 134 134 151 151 154 154 154 154 213 213
 111 124 111 134 111 111 124 175 219 224 224 224 224
 113 127 113 115 131 182 188 199
 202
