 1 2 1 1 1 1 1 1 3 1 1 2 3 10 5 5 8 8 10 54 54 54 62 62 62 79 79 79 80 80 80 114 114 114 140 140 140 143 143 143 148 148 148 186 186 186 223 223 223 229 229 229 299 299 299 299 299 299 299 299 299 299 299 299 317 317 317 596 596 596 597 599 599 599 600 607 615 651 652 655
 2 16 2 6 6 14 16 16 16 16 16 18 18 20 20 28 27 28 74 27 74 135 135 245 245 247 247 259 259 260 260 274 291 274 274 275 275 275 275 291 291 408 408 426 426 589 590 611
 2 3 4 17 2 4 7 4 4 5 9 22 4 4 10 7 11 28 9 10 38 10 10 11 43 110 11 11 17 17 17 22 22 23 41 22 23 28 30 30 34 34 38 41 43 53 53 59 59 63 63 70 70 75 78 75 78 87 87 95 93 93 95 110 110 110 151 151 155 155 179 179 191 191 191 191 202 202 216 216 221 221 238 238 261 261 274 275 285 274 274 274 274 274 275 275 275 275 275 275 275 285 410 410 429 429 432 435 443 445 550 559 567 572 577 580
 2 5 18 2 2 2 3 7 3 5 7 8 30 8 9 9 39 18 18 18 25 25 25 48 25 26 26 26 26 30 31 31 32 32 35 35 35 35 36 36 36 36 39 48 50 50 50 50 52 52 113 52 52 81 81 82 82 87 87 88 88 113 161 161 163 163 168 168 176 176 195 195 220 220 227 227 240 240 244 244 285 292 285 292 292 292 292 292 300 300 300 300 488 488 505 505 605 613 638 642 663 671
 3 9 19 3 9 12 41 14 14 14 61 14 19 39 19 38 19 38 39 41 47 47 49 49 58 58 61 126 126 128 196 128 139 139 144 144 176 176 181 181 196 198 198 219 219 219 219 245 245 256 256 257 257 285 292 292 292 314 314 405 405 405 405 462 462 546 547 560 618 647 670 670
 3 11 20 20 20 43 20 43 50 50 58 58 141 149 141 149 203 203 252 252 439 446 579
 3 12 21 3 9 13 42 12 13 13 13 13 21 45 21 44 21 42 44 45 48 48 51 51 66 66 66 66 107 127 107 127 197 132 132 142 142 177 177 185 185 197 205 205 227 227 285 285 316 316 394 394 394 394 486 487 487 516 632 680
 4 12 23 4 4 5 23 47 47 64 64 71 98 71 71 71 88 88 97 90 90 98 97 135 135 135 135 136 136 136 136 159 159 201 201 203 203 203 203 246 246 275 282 275 275 275 282 282 282 282 282 282 282 282 282 282 282 285 285 300 300 412 412 423 423 447 448 450 587
 4 11 24 15 56 15 15 15 15 15 15 68 207 15 15 15 24 56 68 89 89 187 187 207 266 266 266 266 266 266 266 266 266 266 266 266 266 266 266 266 327 327 328 345 348
 5 25 5 12 45 25 45 72 72 72 72 72 72 73 73 88 103 88 90 96 90 96 100 100 100 100 103 103 103 131 131 133 133 133 133 133 133 133 133 160 160 162 162 183 183 291 291 291 291 291 292 291 292 292 300 300 300 300 305 305 305 320 320 526 526 531 532 533 533 602 602 664
 5 13 26 5 7 32 8 35 102 8 13 13 13 13 51 26 32 35 51 73 99 73 73 73 92 92 99 101 100 100 101 101 101 102 102 102 116 116 121 121 164 164 166 166 177 177 182 182 300 300 305 305 305 305 305 305 319 319 628 629 629 635 644 673
 6 7 27 6 6 8 6 84 6 6 6 6 7 34 8 12 27 34 49 49 55 55 76 76 77 77 81 81 82 82 83 83 83 83 84 84 84 95 95 97 97 120 120 141 141 146 146 167 167 169 169 181 181 228 228 248 248 292 292 292 305 305 305 314 314 322 322 322 322 556 556 561 562 564 656 669 670 670
 7 9 29 29 65 65 85 85 119 119 153 153 199 199 230 230 660 668
 7 10 31 92 7 12 33 8 10 10 12 44 10 31 91 33 44 67 67 91 91 91 92 94 94 96 96 99 99 117 117 122 122 134 134 134 134 156 156 163 163 165 165 173 173 231 231 285 285 316 316 318 318 407 407 407 407 502 506 506 513 631
 8 36 103 36 102 102 103 103 103 122 122 185 185 232 232 657
 9 37 9 11 14 40 11 11 12 11 14 14 57 14 37 40 57 69 69 104 104 105 105 123 108 108 123 189 125 125 171 171 174 174 175 175 178 178 189 190 190 218 218 250 250 274 274 274 274 274 274 281 281 350 350 389 389 406 406 411 420 468 477 523
 12 46 46 111 111 112 112 131 131 183 183 184 184 201 201 225 225 246 246 285 287 293 287 287 374 287 292 293 293 293 293 293 293 293 293 293 293 293 293 293 293 293 293 293 293 293 323 323 374 385 385 395 399 617 617 665
 14 60 60 138 138 206 206 255 255 264 264 274 293 280 280 293 293 293 293 358 378 378 379 379 498
 16 264 268 268 268 268 270 270 270 270 270 270 283 346 623
 16 17 16 18 16 16 17 27 72 104 206 215 271 271 272 271 272 272 272 333 378 466 500
 17 20 24 24 24 28 60 71 74 104 106 135 138 214 214 267 267 267 267 267 267 267 267 268 268 268 268 268 268 268 268 268 268 268 268 269 269 269 331 347 359 361
 17 18 19 22 17 19 29 22 29 22 25 37 22 38 31 76 91 91 108 150 190 193 222 277 277 277 472 520
 17 21 23 17 18 21 33 23 33 32 73 105 77 87 91 91 93 107 107 135 135 135 135 170 171 171 172 204 212 217 217 276 276 276 276 276 276 276 276 276 276 276 276 284 284 284 284 284 284 286 286 286 286 286 286 286 286 363 368 414 417 593
 18 25 19 30 83 105 126 133 133 224 262 284 284 284 307 307 307 307 307 307 307 307 307 307 307 307 367 591 620
 18 26 21 34 84 175 230 263 311 311 311 495
 19 37 145 210 255 287 307 307 307 307 372 375 375
 19 20 40 19 21 41 20 20 21 20 48 69 146 209 330 330 330 350 467
 19 42 21 21 46 147 212 213 213 213 256 286 286 286 287 286 287 287 363 365 367
 22 26 42 22 39 23 23 44 26 85 92 94 151 171 171 200 233 233 290 290 419
 22 24 40 23 24 24 24 24 43 24 86 93 108 109 110 129 136 137 187 187 187 187 208 235 235 235 235 235 267 267 267 267 267 267 267 267 269 269 269 269 269 269 332 339 341 356 357
 23 46 71 23 45 25 71 71 111 71 73 96 159 279 279 279 288 288 288 289 289 294 294 374 385 396
 25 47 72 225 296 296 296 296 308 308 308 586 617
 25 49 73 26 51 26 81 83 83 85 139 158 228 309 309 309 625
 27 29 75 27 30 35 75 81 95 100 107 123 123 152 178 241 311 311 311 311 311 311 312 312 312 312 552 675
 27 31 76 79 79 198 238 246 297 429 297 297 297 308 308 308 619
 27 32 77 75 80 78 90 80 80 80 139 141 144 295 310 295 295 295 295 295 295 295 295 295 295 295 310 646 310 578
 27 33 78 27 34 36 78 82 178 243 312 312 312 312 388 388 388 388 388 388 406 406 553
 28 29 40 86 28 33 29 33 41 52 52 53 57 53 55 86 86 93 86 87 104 96 104 108 110 110 110 110 113 120 124 125 125 126 126 151 152 163 188 211 211 230 237 230 230 230 236 236 237 241 241 243 243 245 245 277 277 277 277 277 277 278 278 278 278 465 476 545 554
 28 30 89 28 34 40 50 88 89 89 89 93 95 108 123 191 178 188 191 236 271 271 271 271 271 271 334 406 478 480
 28 31 43 93 28 32 43 48 52 52 55 54 61 54 136 114 114 120 128 136 136 136 151 163 167 196 216 227 279 279 279 279 279 279 289 289 294 294 462 548 556 566
 29 30 37 29 31 38 37 53 53 115 94 115 124 125 125 128 134 199 134 192 199 237 237 258 258 511 542
 29 34 42 29 32 39 85 55 75 76 81 75 76 87 85 92 113 119 115 115 139 115 119 123 115 117 117 118 123 154 127 139 152 153 181 154 157 175 175 181 194 194 243 243 515 636 686
 30 31 35 87 35 47 38 47 53 53 85 88 99 105 85 96 105 113 127 128 130 156 176 196 239 239 242 242 290 290 302 302 302 302 527 637
 30 32 36 88 36 39 51 100 54 54 99 100 127 156 165 176 289 289 308 308 630 308 308 308 308 487
 30 33 90 32 33 45 96 42 54 54 116 87 90 94 90 90 101 101 107 107 113 114 114 122 116 122 161 185 164 164 173 185 205 288 510 288 288 288 288 288 289 289 294 294 676
 31 33 44 94 33 34 46 98 46 55 118 98 121 121 155 155 172 172 200 231 231 238 242 242 244 246 246 290 290 368 368 403 672
 31 34 95 36 49 99 36 44 49 55 119 119 120 157 178 199 199 518 670 670
 32 34 97 35 35 45 51 55 75 77 82 85 75 77 88 85 97 101 101 116 116 142 117 117 118 154 154 167 177 180 180 309 309 309 309 309 309 313 313 313 313 530 679
 37 38 47 56 104 56 56 56 108 137 137 138 138 138 138 150 218 238 246 249 249 271 273 271 271 273 273 273 332 332 337 429 430
 37 39 49 59 105 59 123 123 124 131 170 193 206 206 206 238 247 311 311 311 311 311 311 363 491 536
 37 40 57 106 46 106 124 172 196 208 249 208 210 210 249 250 255 250 255 255 256 278 278 332 332 402 425
 37 41 48 37 42 58 57 124 58 63 63 65 65 69 69 173 196 211 211 316 316 389 389 462 463
 38 40 43 43 63 45 57 63 104 104 107 107 109 108 109 109 109 124 126 126 188 152 161 167 216 227 245 245 278 278 278 278 330 330 330 330 330 330 334 334 389 389 459 540 556
 38 41 44 50 57 125 153 254 407 473
 38 42 51 107 44 64 59 59 64 107 111 111 127 128 200 130 154 154 166 204 204 220 246 246 261 290 290 363 363 390 640
 39 41 45 47 48 50 47 51 50 61 63 63 105 105 130 161 165 315 315 315 315 362 362 462 487 525
 39 42 62 45 67 51 62 62 62 67 131 131 166 195 229 294 294 303 303 504 505 629 629
 39 40 108 43 44 43 61 65 65 127 128 153 157 165 188 190 190 192 192 216 219 227 251 219 219 219 251 251 251 350 350 471 543
 40 41 60 56 58 56 59 60 129 60 60 68 68 68 129 179 189 189 201 208 326 326 342 437
 40 42 61 109 109 130 180 197 209 209 251 211 251 252 256 252 256 281 281 334 334 461 582
 41 42 46 46 66 48 61 130 64 66 64 67 66 66 67 70 70 182 197 212 212 304 304 304 304 391 410 505
 44 46 111 49 67 132 67 132 158 198 200 248 290 366
 45 46 112 47 64 64 112 112 160 294 298 298 298 298 303 303 401 412 441 441 598 598 602
 48 49 49 50 51 65 65 123 167 194 394 634
 48 58 59 62 62 70 186 201 441 441 568
 52 52 63 53 54 58 90 126 169 228 245 289 296 296 296 296 296 296 296 296 296 296 296 296 583 684
 52 65 55 66 115 116 152 227 228 228 230 230 234 234 551 682
 53 56 86 89 106 86 98 106 125 129 149 129 155 202 207 207 207 207 207 207 207 208 265 207 207 236 265 265 265 265 265 273 273 273 273 344 440 452 483
 53 59 54 55 64 75 79 98 113 128 140 148 148 148 148 149 149 149 149 155 168 179 220 221 247 247 297 297 297 297 298 298 298 298 301 301 451 604 622
 55 67 118 157 231 232 232 243 232 234 234 248 248 509 685
 56 57 63 68 56 64 68 68 106 137 106 109 109 137 208 188 221 261 273 273 273 273 326 326 326 326 327 327 327 327 331 331 338 423 434
 57 60 69 137 60 60 61 60 137 210 193 204 210 253 253 257 278 278 281 281 331 335 379 379 379 385
 57 58 61 58 66 66 69 69 192 205 458
 57 59 65 70 59 67 61 65 67 70 124 130 192 192 194 211 193 193 194 195 200 211 240 261 410 470 541
 61 62 62 63 64 70 195 223 298 298 298 298 408 408 442 489 596
 68 69 208 68 68 70 209 326 340 449
 69 210 213 379 387
 69 70 211 70 212 408 460
 71 112 71 72 72 112 226 226 282 283 282 282 282 283 283 283 283 283 283 283 283 283 291 291 293 291 293 293 293 293 424 424 454 609 609
 72 73 97 184 295 295 295 295 310 310 310 323 584
 73 77 83 101 133 147 306 306 306 306 306 306 306 306 306 306 306 306 321 595 683
 74 75 86 74 89 74 78 74 86 109 87 89 93 89 89 90 97 104 105 109 141 150 174 175 189 189 209 217 217 271 271 271 272 272 272 272 272 272 272 272 272 272 272 272 469 479 481 484
 74 76 93 74 77 74 74 113 114 114 126 146 159 161 252 252 256 257 279 288 279 279 288 288 573 592
 76 83 91 91 94 111 145 145 145 170 224 284 287 284 284 287 287 321 321 364 368
 76 84 92 77 84 117 117 118 131 121 121 147 147 158 184 162 166 184 184 309 309 309 321 321 321 321 539 626
 76 78 94 76 95 78 82 118 119 119 122 120 122 144 144 156 174 174 241 241 314 314 318 318 406 406 512
 77 78 96 77 97 78 81 92 95 97 99 102 102 118 120 142 164 164 313 313 313 313 318 318 325 325 325 325 325 325 534 556
 78 98 79 120 143 202 244 297 297 297 297 317 317 317 317 324 324 426 426 433
 79 81 79 92 94 96 131 131 132 132 166 140 140 244 289 289 301 301 319 319 488 490
 79 82 99 79 121 121 122 122 143 143 168 183 183 324 324 614
 80 81 100 80 80 82 101 80 100 101 102 117 142 310 310 310 310 310 310 318 681
 81 84 82 84 102 84 84 117 119 119 142 234 234 322 322 677
 82 83 83 99 103 103 144 169 325 325 325 648 670
 85 86 108 86 93 94 113 115 124 115 118 115 115 128 130 150 150 151 153 157 230 233 236 230 231 231 233 233 233 236 250 242 242 250 251 251 254 254 256 256 475 535 558
 87 92 102 88 114 177 197 231 294 294 506 633
 91 95 103 174 322 388 507 388 388
 92 93 110 110 113 118 116 130 116 136 127 136 159 159 165 180 197 216 217 217 227 231 239 231 233 233 233 233 290 290 304 304 315 315 538 575 576
 94 95 98 111 98 99 111 118 120 132 132 134 134 134 134 202 156 168 170 170 202 302 302 302 302 319 319 398 429
 96 97 98 112 98 111 112 112 162 289 297 297 297 297 301 301 320 324 324 400 423 431 431
 104 106 106 112 215 245 247 255 264 264 264 264 264 264 264 264 271 273 273 273 273 326 326 331 426 457 499
 105 106 108 106 111 124 125 125 126 129 128 129 129 138 129 137 137 138 138 138 150 170 190 210 210 222 237 237 253 253 255 255 255 277 277 277 354 368 375 375 375 375 397 482
 113 117 114 121 116 127 116 121 148 148 148 148 160 160 162 162 182 220 229 231 240 232 232 232 232 232 232 301 301 303 303 643 654
 118 119 132 120 121 158 158 168 234 234 234 234 241 244 319 496 666
 120 122 134 169 169 234 557
 123 128 132 194 124 125 127 130 132 149 152 192 149 149 157 149 192 198 198 218 218 254 392 492
 124 129 137 192 129 130 137 211 188 192 208 200 208 239 249 249 251 253 251 253 253 253 254 254 332 351 428
 126 127 195 130 131 158 160 219 225 219 220 225 225 256 227 262 262 290 367 367 537 639
 139 145 150 145 171 171 172 175 184 204 206 213 213 215 276 280 276 276 276 280 280 280 280 280 280 280 363 368 369 383
 139 140 151 140 159 195 198 228 229 244 248 260 260 260 260 279 279 301 279 303 488 505 549 565
 139 141 146 152 139 142 153 141 146 175 161 175 177 180 176 178 180 205 314 314 487 529 556
 139 147 154 142 147 177 160 181 182 184 184 184 248 313 313 629 629 678
 140 141 143 155 163 201 202 431 431 570
 140 142 156 140 143 162 143 162 164 166 164 168 244 301 301 320 320 324 324 598 598 599 599 602 602 606
 141 142 144 157 141 144 165 146 146 178 167 173 174 181 185 174 181 185 521
 142 158 144 147 147 166 183 313 313 314 323 323 323 602 641
 143 144 168 143 169 324 610
 144 170 145 145 174 323 373 378
 145 146 172 145 173 145 147 371 374
 146 179 186 436 441
 146 147 180 147 182 526 581
 150 151 159 171 187 187 187 188 190 187 209 214 214 214 235 214 214 214 216 214 214 217 235 235 236 235 235 249 250 252 269 269 269 269 269 269 281 334 336 350 352 355
 150 152 160 172 188 215 215 216 215 250 218 221 221 240 247 248 250 262 262 278 278 410 413 488 493
 150 153 161 173 150 154 189 188 189 216 237 239 239 257 257 281 281 462 474 506 506
 151 152 155 162 175 190 155 212 215 215 236 215 217 217 220 228 222 224 224 236 243 243 247 244 260 260 260 261 260 263 263 277 277 277 367 367 368 497 508 571
 151 153 156 163 176 190 190 191 194 199 191 196 199 236 258 258 405 405 407 517
 151 154 164 177 191 156 159 161 163 159 164 191 197 217 217 242 302 302 304 304 362 362 487 506 506 528
 152 153 157 165 179 193 179 193 196 218 218 220 254 221 222 221 222 237 237 254 238 239 239 261 418 488 555
 152 154 166 180 194 153 154 158 167 182 157 195 158 197 180 194 220 240 248 248 263 263 263 263 505 524 624
 155 156 157 168 198 155 199 178 198 199 200 202 202 222 222 238 241 242 258 241 242 243 243 244 258 258 258 429 514 667
 156 158 169 183 224 224 244 302 302 314 320 612 617 617 617
 157 158 170 200 172 222 376
 159 160 162 184 225 226 226 226 226 226 226 226 226 279 301 303 489 526 533 585
 160 161 165 160 166 182 195 197 223 223 229 303 303 489 526 489 526 533 533 596 596 627
 161 167 186 186 196 229 238 240 247 247 261 303 303 412 423 431 431 431 431 441 441 441 441 599 599 603
 162 163 165 168 181 198 224 225 224 225 225 228 242 315 315 488 621
 163 164 167 169 169 185 199 228 228 241 243 316 556 674
 165 166 167 170 170 201 173 200 201 238 315 315 315 315 316 316 374 374 423 485
 168 169 170 202 174 202 224 224 241 241 320 426 494
 171 173 176 171 177 203 203 203 205 203 216 362 362 393 394 407
 172 174 178 183 222 238 312 312 312 312 314 378 378 378 426 427
 172 173 179 204 172 180 205 179 180 182 204 221 221 239 239 240 412 415 423
 173 182 186 186 205 223 223 240 489 522
 175 176 179 206 178 179 181 204 206 206 218 237 247 312 312 312 312 416 429
 176 177 182 183 183 185 185 186 186 220 229 598 598 645
 187 189 191 203 265 343
 188 193 195 204 209 259 259 259 261 262 259 263 262 263 278 278 281 281 333 333 333 408 409 533 544
 188 189 194 196 205 189 197 209 209 250 250 252 252 254 257 257 464
 190 193 198 206 215 218 249 222 225 249 277 377 382
 192 193 210 253 253 262 386
 193 194 200 212 204 254 263 263 380
 195 196 197 200 201 201 205 212 212 261 304 304 304 304 316 316 385 412 385 503
 204 205 213 213 213 257 262 384 385
 208 209 210 208 211 210 211 212 331 422
 209 212 213 213 333 381
 214 215 226 259 260 269 270 270 270 270 280 270 270 270 270 270 270 270 270 270 270 270 270 270 270 270 270 270 270 270 270 270 270 270 270 270 270 333 349 360
 216 229 252 220 223 223 240 252 259 259 259 259 489 569
 218 219 253 255 311 370
 221 223 257 431 444
 222 224 258 519
 227 229 245 246 248 256 261 294 298 298 298 298 410 653
 233 235 251 353
 236 237 249 242 249 254 265 258 258 265 265 265 404
 239 240 257 262 262 533 574
 266 267 271 266 268 266 269 272 266 266 266 266 266 266 273 266 266 266 267 268 274 267 267 268 268 269 271 272 273 275 282 326 326
 269 276 269 277 278 279 330
 271 274 271 274 276 277 278 276 277 278 292 307 307 307 311 307 311 311 311 312 312 312 312 330 330 388 388 388 388
 272 276 295
 272 273 277 297 296
 273 278 298 326 431
 275 299 275 279 279 279 282 282 292 292 295 296 295 297 295 296 298 296 297 298 297 298 299 431 441 431 431 441 441
 284 285 284 289 284 290 284 289 290 302 302 302 302 305 308 308 309 309 315 315 315 315 325 325 362 362
 284 286 288 306
 285 291 299 285 288 288 289 294 308 288 289 300 289 291 291 291 294 294 299 299 299 299 299 299 299 300 300 300 301 301 301 303 303 303 305 305 308 308 310 310 310 324 324 324 489 489 489 598 598 598
 285 286 286 294 362 286 286 290 290 294 304 304 304 304 313 313 362
 288 290 309 301 303
 301 313 302 324 598
 303 304 315 489
 305 306 306 306 306 309 309 310 310 313 313 325 325
 317 318 319 317 320 317 317 319 320 324 324
 318 318 321 319 321 319 320 321 321 322 322 323 323 323 325 325 325
 318 322 322
 320 323 324 609 609 609 609
 324 325
