 1 3 1 1 1 1 6 1 1 1 2 41 2 2 3 6 14 18 14 18 53 37 37 40 40 41 52 52 54 53 54 78 78 92 92 125 125 126 126 279 279 279 605 279 279 601 279 279 279 279 279 279 279 279 279 279 279 603 279 279 320 320 320 320 320 320 320 320 320 320 320 320 321 321 321 321 321 321 321 321 922 601 604 605 1056
 1 4 4 22 22 96 96 292 921
 1 2 5 26 1 32 1 1 2 2 2 9 2 2 5 25 9 62 25 26 32 47 47 51 51 62 177 109 109 120 120 146 146 177 292 292 292 292 292 292 292 292 292 292 292 292 919 920 1055
 2 7 57 2 2 7 56 56 57 157 65 65 68 68 157 168 168 179 179 260 260 321 260 260 260 260 260 260 260 260 260 260 260 260 260 260 260 260 260 260 260 260 260 260 321 321 321 375 375 819 820 821 821 1044
 2 8 8 61 61 176 69 69 176 181 181 279 320 279 320 320 320 1051 1051 1052 1057
 3 33 180 181 277 582 277 277 277 579 582 582
 3 10 10 10 11 10 143 179 256 268 256 259 256 256 259 268 268 268 268 268 268 268 278 278 589 278 285 285 589 677 699 702
 3 11 3 4 4 15 4 4 11 15 144 146 147 278 278 280 721 280 722 280 280 296 296 313 310 310 313 401 401 689 689 700 721 968 968
 3 5 12 3 5 12 16 35 165 167 168 238 469 238 238 238 262 262 262 262 282 662 295 469 669 1026
 3 13 3 6 3 3 5 16 5 6 17 13 17 36 66 118 120 175 278 588 278 278 278 281 324 645 281 646 281 654 281 295 297 297 324 324 324 588 957 957
 3 14 3 6 6 18 34 69 122 69 126 283 283 283 283 283 283 616
 4 5 19 4 20 4 6 21 4 4 4 4 4 21 48 86 92 136 291 304 291 293 293 296 296 297 302 304 313 313 666 666 936 941
 5 7 23 45 169 176 291 327 592 592 598 969
 5 6 24 5 6 7 7 38 7 7 24 29 46 59 101 59 109 295 827 309 309 761 761 761 761 873 917
 5 8 27 8 8 30 48 152 157 297 536 545 536 545 545 545 977
 5 9 28 49 172 177 244 470 470 543 596
 5 29 5 6 6 9 9 43 9 9 31 31 50 66 115 125 293 825 293 295 595 595 822 916 916
 6 7 13 30 30 39 78 161 286 286 286 286 324 324 761 761 761 780 781 915 915 915
 6 8 42 8 8 53 947
 6 9 17 44 48 96 324 324 364 916 944
 7 55 7 64 448 519 448 448 448 821
 7 8 58 7 9 59 8 8 8 9 8 8 66 761 761 916 981
 7 60 7 9 9 9 63 9 67 595 598 679
 10 12 10 162 230 233 230 230 230 233 233 233 233 233 233 233 233 233 233 233 233 233 233 233 233 233 233 233 233 233 233 233 233 233 233 233 233 233 233 233 239 479 507 525
 10 13 10 10 14 10 10 10 10 10 65 117 268 269 268 268 268 268 268 268 268 268 268 268 268 268 268 268 268 269 272 269 269 272 282 282 660 282 284 284 660 667 703 707
 11 15 15 33 33 33 145 148 285 287 287 287 287 287 287 287 287 287 287 287 287 310 339 339 392 392 392 392 392 392 743 754 796 800 802
 11 12 11 12 19 16 19 35 132 133 166 239 266 478 239 242 242 242 242 242 242 242 242 266 284 284 305 317 374 391 478 478 486 505 736 773 812
 11 13 11 16 34 21 21 45 83 178 284 285 284 285 285 285 288 288 288 288 288 288 288 288 305 332 332 337 394 394 394 726 729 744 751 758 769 804
 11 11 13 20 18 20 37 68 121 142 286 286 286 286 286 286 286 286 323 323 388 388 388 750 750 750 777 779
 11 14 11 11 11 14 17 17 36 18 21 21 22 22 22 22 47 85 93 124 281 323 281 649 281 650 281 656 282 666 282 323 328 328 329 329 393 393 666
 12 13 23 12 24 23 24 55 73 98 163 239 285 239 484 242 242 242 242 242 242 242 242 265 265 285 285 285 300 300 317 476 484 484 502 745 775 808 835 1026
 12 14 12 25 24 24 25 25 25 56 99 56 73 105 105 238 263 475 238 238 238 263 263 263 263 263 263 263 278 591 278 298 298 374 475 681
 12 12 26 14 26 29 63 65 65 65 75 114 117 240 240 240 240 240 240 240 240 248 248 269 562 269 269 269 282 663 307 307 315 315 349 349 562 663 715 718 795 799 799
 12 27 27 74 74 130 158 149 150 199 199 223 228 437 223 223 223 223 223 223 223 223 223 223 223 223 223 223 223 228 228 228 437 437 527 557 529 558
 12 28 12 29 13 28 64 64 114 64 75 164 236 236 249 236 236 236 236 236 236 236 236 236 236 236 236 236 236 239 239 249 250 303 447 447 447 447 447 447 480 490 490 500 508 513 784 795
 13 29 63 77 111 284 289 289 289 289 289 289 289 289 289 289 289 289 289 289 289 289 289 289 289 289 289 289 289 289 303 314 577 627 577 577 643 663 714 715
 13 14 13 14 26 29 26 76 76 113 280 686 280 280 280 280 280 280 280 282 282 307 308 308 308 308 314 314 331 331 404 404 684 684 686 690 694 1063 1063
 13 31 31 67 80 119 284 284 288 288 288 288 333 333 338 415 733 740 762 772 1059 1059 1059
 13 13 32 14 14 17 18 17 31 31 32 32 32 46 47 79 79 93 123 281 640 281 651 281 653 281 282 659 282 323 323 326 326 328 328 397 397 659
 14 77 277 277 277 277 277 277 413 413 413 673 675 675 675
 14 18 52 52 80 91 283 283 283 615
 15 16 19 15 20 15 15 19 20 34 34 36 81 81 137 138 141 301 310 310 310 310 330 330 337 393 393 394 394 410 412 412 878 878 882 882 936 1001 1001 1008 1019
 15 17 21 15 21 35 35 49 81 88 332 339 332 334 334 334 334 339 391 410 424 995 996 1073 1073
 15 18 15 22 15 15 21 21 22 22 22 36 37 37 51 81 81 90 95 322 322 329 329 388 388 936 938 1054 1054
 16 23 38 23 82 170 171 300 317 332 348 360 368 368 832 877 877 1017
 16 17 24 17 45 24 29 38 45 60 85 103 107 300 303 300 305 311 311 311 311 348 359 398 398 420 641 744 834 834 841 858 959
 16 18 39 24 24 26 26 39 47 57 104 57 57 60 57 83 110 174 302 306 302 307 307 309 309 315 309 309 315 326 958 326 327 327 327 327 376 695 695 698 698 935
 16 25 40 18 46 25 25 29 25 40 62 62 84 108 110 293 826 293 298 298 390 390 390 390 824 918 918
 16 26 41 18 26 31 31 41 41 43 41 47 50 89 108 119 119 121 301 302 302 307 307 322 322 322 322 325 957 325 325 325 329 329 331 331 397 397 934 957 965 1065
 16 27 42 27 30 48 30 39 42 42 42 44 58 130 86 118 152 154 153 154 156 209 342 342 342 342 342 342 342 399 342 399 399 399 535 542 1020 1050
 16 28 43 28 87 173 174 246 250 246 396 477 483 483 551 652 892
 16 29 17 17 31 49 31 43 49 67 67 116 90 123 303 305 311 311 311 311 333 333 351 351 361 396 410 740 845 859 859 880 967 1075 1075
 16 44 18 29 32 51 32 32 68 32 44 68 88 116 124 309 309 326 326 389 389 750 750 868 871
 17 17 18 50 51 95 323 323 389 423 928 1054
 18 54 54 94 946
 19 20 23 70 39 70 70 70 70 70 83 127 129 138 154 129 129 130 160 129 134 139 139 140 153 154 185 198 198 200 200 215 245 251 245 266 251 251 251 265 290 290 290 290 299 299 305 860 861 1046 1048
 19 21 24 19 38 82 82 84 305 317 350 353 350 411 411 411 411 411 411 411 420 855 1002 1021
 19 22 25 40 85 294 599 721 721 943
 19 26 20 22 22 41 41 44 52 52 90 93 140 302 308 308 308 308 310 310 322 322 325 325 328 336 336 393 393 929 976
 19 27 42 70 127 70 70 128 86 209 218 218 243 245 243 243 243 258 882 1047
 19 28 71 20 44 71 71 71 71 71 71 135 71 71 140 71 71 71 88 249 251 251 266 275 275 391 493 493 493 493 557 557 564 637 637 890 890
 19 29 19 20 21 20 21 43 46 84 87 87 89 91 91 299 301 299 314 314 337 350 350 408 408 409 409 409 409 419 419 659 659 860 864 868 869 929
 20 30 53 70 131 70 70 129 92 128 129 157 185 255 259 261 255 255 255 259 261 261 272 261 261 261 261 261 261 261 261 261 272 291 291 294 294 302 777 780 1049
 20 31 20 21 50 89 93 94 94 94 94 95 121 138 405 405 405 405 405 405 405 405 408 1001 1024 1081
 20 32 22 54 95 328 968 968 980 1053 1053 1053 1053
 23 24 55 23 24 27 27 27 29 27 55 97 58 100 58 97 99 106 290 290 290 290 306 312 312 312 312 318 318 353 417 464 484 484 530 530 532 535 535 868 885 889 889 889 889
 23 25 56 25 27 61 26 27 56 58 61 155 61 61 61 61 98 106 244 296 244 253 253 255 255 255 255 294 296 297 335 467 467 982 1008
 23 26 32 57 30 69 30 32 57 59 69 103 118 160 302 308 312 308 308 308 309 309 312 327 327 328 335 697 697 874 973
 23 27 58 72 27 28 72 100 72 72 151 72 72 155 243 258 243 254 243 243 254 273 455 455 455 455 462 481 527 527 537 736
 23 28 30 59 30 72 72 72 72 159 72 72 160 101 249 251 251 265 273 495 495 495 495 528 528 566 642 642 687 818 818
 23 29 31 60 23 30 66 30 30 31 30 102 104 115 122 299 306 299 314 314 338 338 345 384 384 587 588 587 588 823 827 861 866 874 925
 24 28 28 31 60 102 108 246 246 250 414 477 491 491 548 638 641 891
 25 28 62 32 107 244 473 599 473 546
 26 28 111 240 241 240 241 271 241 241 267 267 271 271 271 281 572 617 625 617 625
 28 29 63 28 63 112 112 113 250 252 252 252 252 252 252 252 252 346 421 421 480 494 494 514 643 644
 33 34 33 37 33 33 433 433 433 433 1051 1051 1060
 33 35 33 36 33 33 33 33 392 434 392 392 392 434 434 434 434 434 949 957 950 1028
 34 42 40 42 61 41 42 42 61 61 139 78 92 122 139 176 201 201 576 582 576 576 582 582 582 582 582 948 1072
 34 35 38 73 84 352 363 363 374 383 394 1026 1030
 34 36 34 39 38 39 76 76 83 93 103 104 194 330 330 335 331 338 331 335 338 352 376 394 394 420 925 930 957 965 957 1022 1022 1086
 34 37 40 40 77 77 91 91 576 576 576 605 614
 34 41 37 41 80 80 94 94 413 413 413 413 413 413 433 433 433 433 433 433 1070
 34 43 35 75 89 349 349 354 758 766 768 776 950 950
 34 34 44 36 43 44 79 79 88 95 354 394 394 395 395 397 397 929 957 957 1008 1023
 35 36 45 35 46 45 73 73 82 82 85 391 641 683 683 683 683 744 835 838 880 997
 35 37 47 67 68 73 83 178 325 325 327 327 792 799 792 799 1032
 35 48 74 74 74 86 74 372 372 399 399 542 557 561 1028
 35 49 35 50 36 49 75 75 87 87 90 391 410 422 725 738 725 739 739 740 784
 35 51 37 75 88 750 753 792
 36 46 77 77 85 393 577 578 620 577 622 578 578 578 578 578 640 659
 36 37 37 52 47 50 51 52 52 52 76 76 84 93 141 322 322 328 328 388 388 389 389 1065 1069
 36 48 53 53 78 78 86 96 96 915 916 915 975
 36 50 80 80 90 393 393 395 412 1059 1059 1065 1080
 36 37 37 51 54 54 79 79 89 95 388 388 1054 1054 1066
 38 45 55 97 97 132 353 365 365 365 365 383 478 502 751 901
 38 39 46 39 55 55 127 98 114 127 159 160 160 211 250 251 251 251 251 273 273 317 348 356 356 484 484 533 695 695 846 851 851 861 910 958
 38 40 47 56 40 56 56 60 156 56 62 62 99 114 133 156 244 244 295 376 600 870 917
 38 41 51 57 41 57 104 116 138 349 349 374 383 387 387 387 387 387 387 388 750 762 751 792 792 1026 1074
 38 42 58 42 42 43 42 58 101 115 134 1007
 38 43 48 59 48 59 100 115 136 345 360 353 420 828 851 851 854 967
 38 49 60 43 49 102 112 112 137 346 346 359 414 414 430 430 839 844 846 930
 38 44 50 44 60 103 116 135 348 351 353 351 357 357 398 398 925 959 1010
 39 40 52 56 128 117 128 161 261 263 324 261 261 261 263 263 263 373 390 390 602 602 771 783
 39 41 54 57 129 121 129 129 131 129 284 286 284 285 285 286 286 286 286 286 286 286 286 286 286 286 302 302 325 327 325 325 327 327 373 766 771 778 1078
 39 43 39 50 60 131 102 104 111 111 173 119 119 131 173 299 333 299 303 306 333 381 381 396 606 606 641 682 682 682 682 728 778 778 933
 39 44 53 53 59 120 130 156 157 157 214 295 545 562 545 545 545 545 545 545 545 562 1045
 40 43 62 40 51 62 113 123 141 599 599 600 657
 40 44 54 62 140 124 390 390 918 940
 43 63 45 102 142 345 409 409 609 662 663 663 668 804
 43 44 44 46 63 63 107 123 135 348 361 396 396 642 642 643 736 813
 45 46 64 64 64 99 132 380 446 446 446 446 447 447 464 482 485 491
 45 47 65 65 66 69 65 69 98 143 143 167 267 267 267 267 269 269 269 269 323 329 329 697 697 757 758 807
 45 48 66 45 49 48 49 100 101 144 144 367 410 676 676 682 687 682 736 737 744
 45 50 67 104 142 380 383 405 405 405 405 778 807 925 955
 45 51 68 103 145 145 388 792 1027
 46 47 52 52 65 65 65 67 105 105 117 133 267 267 267 267 269 269 269 269 323 326 326 380 698 698 759 762
 46 48 48 50 66 106 122 136 371 395 395 587 587 588 588 659 659 822 865 868
 46 49 49 50 67 67 108 113 137 351 351 418 638 644 665 665 733 733 740 741
 46 50 53 53 53 53 66 109 125 134 595 595 917 932
 46 51 54 54 68 68 110 124 138 389 389 750 750 1013
 47 48 69 48 51 66 68 68 69 69 69 106 118 147 147 171 309 309 328 328 750 750 1004 1008 1054 1054
 47 49 49 51 107 111 148 148 309 322 617 617 792 792 952
 47 50 54 54 110 121 326 329 1053 1053 1053 1053 1053 1053 1053 1053 1063 1063 1077
 52 53 53 54 69 126 139 1071
 55 64 149 149 216 216 216 217 216 217 435 439 435 435 435 435 435 435 435 439 458 523
 55 56 65 150 56 150 162 162 166 168 179 179 225 225 225 225 225 225 225 225 225 225 225 225 225 225 225 225 520 522
 55 57 68 154 57 154 166 448 451 448 448 914 448 448 448 451
 55 58 151 58 63 163 360 369 369 369 369 483 495 495 527 527 670 764
 55 59 66 55 60 152 59 151 152 165 360 416 416 466 484 484 532 695 695 850 874
 55 67 153 60 153 164 341 341 357 357 499 502 778 810 815 815
 56 59 62 69 155 167 263 263 263 263 324 363 918 970
 57 58 160 61 62 61 61 171 363 369 369 386 386 386 386 390 598 670 758 761 979
 58 59 158 158 169 365 365 399 399 527 560 535 662
 58 60 159 58 170 359 400 400 823 859 889 889 913
 59 60 63 59 63 172 66 159 172 175 355 355 359 641 643 642 648 642 745 805
 60 161 63 67 161 173 173 358 358 415 415 587 591 609 678 663 663
 62 63 62 68 174 178 390 390 598 671
 63 64 164 341 341 524 449 449 449 449 507 667
 64 65 162 235 235 235 235 235 235 235 235 235 235 235 235 235 235 235 235 451 451 452
 64 66 64 64 67 163 165 446 446 446 446 447 447 466 483 488 489 807
 64 68 166 375 375 448 521 448 448 448
 66 169 180 180 586 588 586 586 586 658 661 658 662 658 664 658 658 658
 66 67 67 170 175 648 696 696 696 696 740 840 856 859
 70 72 130 70 71 71 206 207 223 226 239 223 223 223 223 223 223 223 223 223 223 223 223 223 223 223 226 226 226 229 229 229 528 557 575
 72 158 229 438 479 438 438 438 438 438 438 438 438 438 438 438 445
 73 76 97 73 98 105 105 106 186 265 339 265 270 270 270 270 270 270 270 270 339 382 417 835 856 856 960 1031
 73 77 99 378 459 475 459 459 459 459 459 581 590 581 591
 73 74 100 74 74 106 74 74 75 74 74 74 417 484 488 493 498 493 802 802 802 802 899 899
 73 75 78 101 78 109 760 761 761 792
 73 79 102 73 103 75 75 107 79 110 418 420 725 731 725 732 744 784 835
 73 80 104 75 80 108 349 349 352 378 378 762 770 771 771 776
 75 112 75 111 76 314 316 316 316 316 316 316 316 316 421 421 621 624 692 784
 75 113 77 349 404 404 580 705 580 580 580 580 580 703
 76 114 76 77 77 117 111 113 117 195 195 247 272 247 249 247 247 247 247 247 247 247 247 247 247 248 249 272 303 331 577 577 621 619 619 629 619 619 639 644 686 686 690 691
 76 78 115 76 79 78 118 78 79 78 109 110 120 126 126 193 297 297 322 322 915 915 915 915 917 965 1068
 76 116 76 80 79 119 79 80 80 121 80 89 90 93 119 137 330 336 330 331 331 337 336 336 336 354 397 397 408 408 410 1059 1059 1059 1059 1062 1062 1065 1065 1083 1083 1083 1083 1085
 77 78 122 77 80 125 78 80 576 601 576 576 601 612
 77 79 123 77 124 79 397 577 633 577 635 578 578 578 578 578 578 649 666
 81 86 92 96 140 177 202 364 386 386 386 386 401 401 596 602 650 978
 81 82 81 83 93 116 203 203 332 333 337 351 351 354 410 425 1002 1002 1091
 81 84 81 85 91 412 419 423 423 607 650 989
 81 87 81 88 95 410 419 419 1001 1011 1073 1073
 81 89 81 90 94 1087
 82 83 97 82 84 98 97 127 127 133 170 170 171 213 265 265 266 266 276 276 337 348 352 366 366 371 417 420 857 877 877 1002 1002 1038
 82 85 99 132 132 379 460 460 486 585 831 834
 82 86 100 82 87 101 86 87 134 136 367 400 400 400 400 422 823 846 860 907 997
 82 88 102 82 89 103 135 138 406 406 406 406 418 424 424 432 432 860 878 878 880 1014
 82 90 104 137 379 382 382 406 406 1022 1062 1062 1090
 83 84 91 91 114 99 128 128 128 128 133 173 173 174 215 215 245 306 245 248 274 248 274 274 274 352 358 358 377 377 377 377 426 426 475 475 544 544 611 824 862 958
 83 88 92 92 101 120 130 130 133 138 146 168 146 146 146 168 187 197 244 248 244 244 244 248 255 255 255 255 255 255 255 255 294 294 298 298 306 307 307 469 469 475 475 827 868 1040
 83 85 93 98 117 117 118 122 127 127 143 143 143 143 175 197 258 258 259 259 259 259 259 259 259 259 264 264 265 332 264 264 264 264 264 264 265 272 272 272 272 276 276 305 332 337 585 587 587 611 611 641 648 650 652 654 728 731 786 789
 83 89 94 94 104 129 119 119 121 129 129 129 330 333 330 332 330 330 377 1022 1083 1084
 83 86 86 88 100 130 118 130 147 147 165 166 166 213 290 290 290 290 315 318 315 318 335 335 360 417 466 478 478 542 542 549 552 552 882 882 884 1008
 83 87 87 89 111 102 131 108 110 111 121 131 174 299 332 299 301 303 332 610 610 638 665 652 665 665 665 731 739 739 766 766 931
 83 90 95 103 121 131 131 137 138 148 148 148 148 194 301 339 305 330 330 339 339 339 725 725 733 725 726 725 733 740 744 776 776 776 776 777 1064
 84 89 109 92 92 115 134 386 387 386 386 386 387 387 404 404 423 599 599 600 653 654 1076
 84 85 105 93 105 105 107 105 108 114 132 132 133 188 246 249 246 249 266 266 305 348 350 350 379 379 418 486 553 553 638 880 895 959
 84 86 106 86 89 115 134 138 171 136 139 139 139 141 139 193 202 202 1005 1088
 84 87 107 87 88 112 112 135 141 421 421 421 421 422 430 430 432 432 869 887 892 893
 84 88 108 94 116 94 138 140 140 1012
 84 90 110 95 116 137 141 350 350 354 408 410 412 408 412 960 1075 1075 1082
 85 86 86 90 106 122 134 144 144 371 401 401 401 401 401 401 401 401 412 412 606 620 620 654 777 785
 85 87 87 90 113 108 137 142 142 350 350 410 607 610 607 632 640 686 686 686 686 786
 85 88 95 107 124 135 145 145 145 145 391 420 424 424 637 637 641 743 743 890 890 983
 85 89 95 110 123 138 142 142 407 407 407 407 407 407 407 407 408 408 423 423 640 649 777 926 1001 1001
 85 90 96 96 125 96 96 109 136 144 144 596 596 600 655
 88 90 93 111 135 148 148 310 311 310 311 314 334 334 334 334 391 618 635 740 887 950 950 964
 88 89 91 91 113 123 140 140 141 354 404 404 404 404 419 419 610 635 635 650 777 787
 91 92 91 94 92 94 122 125 139 139 594 594 675 594 594 675 675 675 675 675 945
 91 93 117 117 119 123 133 198 198 264 264 266 264 333 264 266 272 272 272 272 274 274 333 338 381 396 409 409 607 607 638 653 739 790 791
 91 95 124 141 395 409 409 419 666 666 936 998
 92 93 92 95 118 120 121 126 126 134 141 146 146 146 146 193 200 200 291 296 291 301 291 291 293 314 824 293 822 293 293 295 296 296 296 302 302 314 588 588 659 659 1067
 93 95 96 96 96 96 120 124 125 126 126 136 147 147 202 202 293 293 297 297 595 595 916 916 929 937
 97 98 114 149 97 99 150 149 149 182 149 150 150 151 155 150 155 182 182 184 187 197 182 188 184 205 205 205 205 212 213 224 224 224 224 224 224 224 224 231 231 231 231 437 437 437 437 442 442 442 442 532 534 549 556
 97 100 151 112 186 370 370 385 428 428 428 428 530 530 843 875
 97 101 115 97 102 152 151 152 187 371 384 384 417 420 535 535 555 555 881 967
 97 103 116 153 97 104 154 153 154 188 1034
 98 99 105 117 105 162 132 133 143 162 143 150 150 162 162 163 162 165 167 162 182 182 182 182 227 228 227 227 227 227 227 227 227 227 227 227 227 227 227 227 227 228 228 228 228 228 228 228 230 231 230 230 230 230 230 230 230 231 231 231 464 466 485 488 502 504 505 506
 98 100 106 111 151 183 183 183 183 246 313 253 253 257 257 257 257 313 481 584 729 636 664 664 830 985
 98 101 107 118 151 167 167 169 169 171 184 184 210 210 246 246 254 254 254 254 265 265 332 332 367 368 368 420 481 555 555 687 849 876 961 961 997
 98 102 108 119 114 119 115 122 153 185 153 165 185 245 301 245 248 248 276 276 345 354 469 607 469 542 542 607 822 867 930 965 1022 1022
 98 103 109 120 152 152 168 168 171 176 176 176 176 184 184 212 244 244 329 329 600 874 918 918 1006
 98 104 110 121 133 134 139 139 154 154 185 185 187 399 399 399 399 407 407 407 407 925 1041
 99 100 155 106 163 113 155 163 186 186 347 417 474 474 474 474 476 710 711 710 745 746
 99 101 122 108 165 155 155 187 352 431 431 431 431 469 469 475 475 611 824 827 863
 99 102 123 156 107 164 156 164 188 345 359 381 381 462 486 500 687 803
 99 103 124 110 166 156 156 166 188 353 376 416 416 464 478 478 549 697 697 852
 99 104 125 157 109 157 157 157 165 187 600 829 829 886
 100 101 158 158 158 189 158 169 189 417 478 485 495 497 495 663 663 765 765
 100 102 159 191 832 833 832 833 853 855 909 909
 100 103 106 107 159 190 171 190 190 190 367 370 370 370 370 430 430 847 878 869 878 879 985
 100 104 160 106 108 160 170 170 191 191 347 385 385 403 403 403 403 848 848 849 861 869 906
 101 103 111 118 159 192 192 311 311 312 311 311 312 314 620 623 687 744 815 815 847 963
 101 102 112 112 172 115 159 172 193 418 421 421 421 421 430 430 823 846 847 891 891 894
 101 104 113 122 160 160 175 193 352 384 384 404 404 404 404 610 636 636 653 780 780 788
 102 103 161 113 174 123 161 161 194 161 345 420 610 611 631 645 686 686 686 686 790 790
 105 109 126 105 110 167 168 187 262 262 262 262 323 383 917 1043
 106 109 169 176 176 189 189 598 750 756
 106 110 171 191 368 371 368 960 1001 1003
 107 109 111 120 172 172 192 192 293 309 598 598 625 625 953
 107 108 112 112 116 173 173 174 194 346 346 361 426 426 430 430 842 843 848 848 892
 107 110 113 124 174 178 178 194 348 422 644 652 665 665 726 729 735
 108 109 113 177 125 175 177 177 177 193 599 602 599 602 647
 111 112 112 113 114 164 164 195 195 248 252 252 252 252 252 252 252 252 315 346 346 500 627 628 628 629 713 716
 114 117 162 162 162 164 196 196 196 196 230 230 230 230 232 232 232 232 234 234 234 234 234 234 234 234 234 234 234 234 234 234 234 234 250 341 487 490 508 515 550
 114 115 118 123 163 163 167 167 172 172 174 197 211 246 246 249 249 258 258 300 300 345 355 355 422 476 554 554 652 858 896 967 993 993
 114 116 120 125 165 168 168 174 177 177 177 177 197 214 214 244 244 298 298 602 602 829 829 872 958
 114 121 116 124 133 135 140 140 166 166 188 198 198 198 198 250 317 251 251 251 251 275 275 275 275 351 351 357 357 376 432 432 478 478 549 698 698 860 911 925
 115 116 118 119 170 170 200 305 318 338 345 357 410 412 877 877 908 1089
 115 169 201 383 384 409 670 1029
 115 116 122 123 171 175 202 202 354 364 364 364 364 371 423 423 611 653 654 990
 117 120 124 126 167 178 179 179 179 179 179 179 197 256 256 256 256 256 256 256 256 267 267 267 267 295 324 324 695 695 751 752 806
 117 121 125 126 142 143 143 168 185 185 261 262 323 261 261 261 261 261 261 261 262 262 262 595 595 600 600 766 778 782
 118 120 167 168 181 169 181 181 181 181 181 199 199 199 199 212 238 262 467 238 238 238 262 262 262 282 297 297 467 670 1025 1028
 118 121 122 124 136 138 147 147 171 191 191 200 200 299 304 299 304 304 304 313 313 313 313 337 368 368 371 587 587 666 666 822 860 869 936 999 1001 1001
 119 120 123 125 175 200 294 294 596 596 684 684 927
 122 125 176 176 180 180 180 180 201 201 594 594 594 605 594 613
 123 124 178 178 203 203 396 685 685 685 685 729 986 996
 126 181 181 201 283 1061
 127 132 149 182 210 229 229 229 436 436 487 540
 127 128 133 150 128 150 153 156 182 182 198 207 185 188 196 196 196 196 196 197 196 196 196 198 207 207 207 207 207 211 214 215 224 250 224 224 224 224 224 224 224 226 226 226 226 226 226 226 226 226 226 226 226 229 273 229 229 229 229 229 231 275 231 232 232 232 232 232 232 232 232 275 464 466 533 549 565 567
 127 130 134 151 127 135 130 184 184 197 212 213 217 217 217 217 243 273 243 243 243 243 243 243 243 250 273 317 353 366 366 456 456 456 456 464 531 531 532 533 544 544 860 883
 127 131 136 152 183 183 183 185 191 209 183 191 245 304 254 254 258 304 472 472 472 472 609 609 726 729 780 939
 127 137 153 131 185 193 195 195 214 245 265 249 336 336 468 468 468 468 585 606 731 771 771 972
 128 130 139 155 128 140 197 214 215 218 218 218 218 344 344 344 344 402 402 402 402 402 402 402 402 544 1042
 128 131 141 156 128 194 195 195 198 198 215 245 249 266 335 373 373 474 474 474 474 610 648 728 974
 130 131 159 130 131 134 135 187 188 192 192 192 192 200 200 211 290 290 290 290 300 300 303 306 462 462 476 486 499 499 499 499 736 745 777 1039
 131 142 161 291 294 327 589 597 589 597 597 597 660 597 597 597 597 597 660 923
 132 134 163 142 187 383 399 399 399 399 485 488 766 851 851 900
 132 135 164 142 188 348 380 478 490 490 499 755 773
 132 136 144 165 132 137 144 186 186 187 366 366 382 382 468 468 468 468 486 585 639 726 747
 132 138 145 166 145 188 349 353 349 374 491 493 493 557 557 897
 133 136 141 147 167 147 167 175 178 178 186 186 197 213 257 257 257 257 257 257 257 257 258 258 266 266 303 347 366 366 417 648 729 828 960 988 996 997
 133 137 148 141 148 188 195 195 246 270 248 270 270 270 270 270 270 270 331 378 378 486 618 620 835 844 962
 134 136 169 189 189 201 201 369 369 369 371 369 609 664 664 751 766 774
 134 137 170 193 400 400 418 856 930 1083 1083 1092
 135 136 172 190 190 202 370 370 424 429 429 823 429 429 429 429 887 994
 135 137 173 194 425 425 855 857 908 908 1009
 135 138 174 140 141 140 194 203 203 203 203 361 403 403 403 403 422 426 426 869 882 882 996 1015
 136 137 142 175 142 144 144 191 191 193 368 368 410 606 611 689 634 649 689 689 689 689 689 689 689 786
 141 142 178 145 145 194 394 420 776 802 802 802 802 804 951 1028
 143 145 146 179 146 147 181 179 181 179 181 184 189 199 199 240 240 240 240 253 253 256 536 256 256 256 278 592 296 296 312 312 369 369 536 592 680 754 798 802 802
 143 144 147 143 148 180 180 183 183 184 247 247 254 247 247 247 247 253 254 259 259 313 339 339 581 581 581 688 581 586 586 586 586 593 676 689 689 710 722 723
 144 145 145 147 148 190 190 192 310 312 316 316 316 316 316 316 316 316 370 370 676 743 793 793 794 796 797
 144 180 189 369 401 401 672 672 672 702 704
 146 148 192 238 241 280 473 238 470 241 241 241 470 473 1079
 149 150 162 204 204 204 204 204 204 204 206 204 207 219 219 219 219 219 219 219 219 219 219 219 219 219 219 219 219 219 219 219 219 219 219 219 219 219 219 219 219 219 219 219 219 222 222 222 222 222 222 222 222 222 222 222 222 222 222 222 222 439 440 444
 149 151 163 205 149 164 205 205 208 210 205 211 208 436 503 436 436 436 437 437 509
 149 152 165 149 153 206 205 205 206 209 212 206 206 206 206 214 437 437 442 442 538 563
 149 154 166 207 207 207 217 217 218 218 218 218 435 451 435 435 435 435 435 451 541
 150 152 156 167 205 228 228 228 228 365 372 442 568
 150 154 157 168 157 206 206 206 569
 151 158 208 158 210 158 159 158 208 366 366 455 496 455 456 456 490 490 492 775
 151 152 159 169 152 172 169 172 208 208 208 208 212 367 368 368 462 481 511 511 652 730 818 818
 151 153 170 209 153 173 159 211 170 173 209 343 343 343 343 361 367 530 530 531 531 858 861 905
 151 154 160 171 154 174 160 213 209 209 888
 152 153 161 175 161 214 209 344 344 344 344 344 344 344 344 364 364 535 542 645 780 942
 155 158 158 160 210 362 362 402 402 402 402 402 402 402 402 492 528 539 544
 155 156 159 155 156 171 174 211 213 355 356 355 356 360 366 366 544 544 554 554 961 961 1000
 155 157 160 176 157 177 176 177 212 602 918 971
 156 161 178 215 342 342 342 342 363 373 544 806 956
 159 161 161 163 164 211 355 355 484 490 490 499 763 775 806
 163 165 169 163 170 169 170 175 210 210 212 463 463 463 463 476 481 652 711 836 849 858
 163 166 171 178 213 360 363 363 372 372 372 372 484 505 758 904
 164 165 172 164 173 172 173 175 211 214 214 358 358 361 462 476 500 711 728 814
 164 166 174 178 215 215 341 341 356 356 373 373 499 505 809 817 817
 165 175 180 180 180 180 212 465 467 465 469 465 465 465 465 465 465 465 465 465 465 619 630 619 636 645
 182 196 204 204 204 204 205 204 204 220 220 220 220 220 220 220 220 220 220 220 220 220 220 220 220 220 220 443
 182 183 186 205 183 186 195 224 224 436 436 461 547
 182 185 206 187 206 206 231 441 441 441 441 441 441 441 441 441 441 441 441 441 441 441 441 550 570
 183 184 189 208 183 190 189 190 192 208 252 252 252 252 253 313 370 370 511 593 709 709 710 712 719
 184 192 199 199 208 216 216 216 236 254 236 236 236 254 285 312 450 450 450 450 450 450 511 512 794 801 802
 184 185 193 200 184 185 194 197 200 201 201 201 201 202 202 209 209 212 245 253 245 253 253 253 276 276 301 371 420 467 467 535 535 611 823 824 861 929 1018
 186 187 189 210 186 191 212 189 189 191 193 189 210 385 385 417 472 472 472 472 481 713 729 731 748
 186 188 190 211 186 213 190 190 191 194 190 191 346 347 346 428 428 428 428 428 428 428 428 531 531 552 552 837 837 985 987
 187 193 201 201 212 384 431 431 467 467 607 965 1033
 187 202 188 194 214 193 202 213 214 345 352 354 417 542 542 553 553 828 1035
 188 203 215 194 203 215 343 343 347 377 377 552 1016 552 993
 192 193 194 195 192 195 197 211 246 248 257 257 257 257 315 476 623 635 711 817 817 843 966
 195 196 227 271 227 234 234 271 461 573
 197 199 199 199 200 199 210 217 237 258 456 237 237 237 237 237 237 237 237 237 237 237 237 237 237 237 239 239 258 318 456 456 481 518 890 898 899
 197 198 202 198 203 200 202 203 203 203 213 258 258 274 274 318 356 358 358 417 419 909 1002 1002 1037
 205 207 213 207 207 215 209 340 340 340 340 340 340 340 340 340 340 340 340 341 362 372 436 505 436 437 518 571
 208 216 369 449 517 701
 208 209 217 208 209 210 211 217 341 341 360 455 455 483 518 528 528 811
 210 212 216 216 216 216 216 216 446 446 450 450 450 450 492 695 815 816
 210 213 217 356 362 362 362 362 456 518 903
 211 212 214 214 217 217 357 416 456 456 466 533 912
 211 213 215 215 218 218 218 218 1036
 219 223 219 219 219 233 438
 219 220 224 219 219 227 219 219 219 219 219 219 219 219 219 219 219 219 219 219 219 219 219 219 219 219 219 220 220 220 220 220 220 220 220 234 436 441
 219 225 219 219 219 235 435
 219 226 219 219 221 228 219 219 219 219 219 219 219 219 219 219 219 219 219 219 222 219 219 219 219 219 219 219 220 229 220 230 220 220 220 221 220 220 220 220 220 220 220 221 221 221 221 221 221 221 221 221 221 221 221 221 221 221 221 221 221 221 221 221 221 221 221 221 221 221 221 221 221 221 221 221 221 221 222 221 221 221 221 221 221 221 221 221 221 221 222 222 437
 220 231 220 232 220 220 220 220 220 220 220 222 220 220 220 220 220 220 220 220 220 222 222 222 222 222 222 222 222 222 222 222 340 442
 223 224 236 435 223 237 223 242 223 223 223 223 223 224 236 237 243 237 237 243 290 435 435 435 435 435 435 435 435 435 435 435 436 455 493 436
 223 225 238 223 240 223 223 223 223 223 223 224 224 225 255 225 225 225 225 441 225 225 225 225 225 225 227 227 255 290 441 441 441 493 495
 224 229 243 224 229 229 243 251 399 402 402 402 402 435 446 435 435 435 435 435 435 435 435 435 435 435 437 446 456 456 478
 224 225 230 244 224 225 225 225 262 225 225 225 225 225 263 225 225 225 228 228 230 256 256 263 269 478 484
 224 226 245 224 232 224 224 226 226 226 266 226 226 228 228 228 228 232 258 340 340 340 340 340 340 342 342 344 344 531 542 544 552
 224 227 246 224 224 224 227 227 227 227 227 227 227 229 229 229 229 229 229 230 230 230 230 230 230 230 230 231 231 259 259 265 266 272 460 460 463 463 469 475 476 486
 224 247 224 227 257 227 270 227 227 270 459 459 465 465 468 474
 224 231 248 224 253 224 224 231 253 417 437 437 437 437 467 475 530 552
 224 228 249 224 254 224 224 228 228 228 228 228 228 228 229 229 229 229 229 229 231 231 254 258 265 366 366 417 436 436 436 436 436 436 436 436 437 437 442 442 462 481 486 535 544
 224 252 224 257 428 428 436 436 472 474
 225 233 225 227 225 225 227 233 233 233 233 233 233 233 238 242 268 501
 225 226 234 225 261 225 225 225 225 225 225 225 225 225 225 226 226 267 227 227 234 234 234 244 251 261 499 545
 225 235 260 225 235 260 448 448
 226 264 226 226 226 226 226 227 227 227 227 227 227 227 227 230 234 230 230 232 230 232 232 232 234 234 234 234 234 234 234 234 234 234 234 234 234 234 234 245 246 248 249 264 272 462 500 562
 227 227 230 235 235 235 235 235 235 235 235 235 235 235 235 235 235 235 235 235 235 235 235 235 235 235 235 267 269 446 446 447
 228 262 399 441 441 441 441 545
 229 229 229 231 273 362 365 436 436 439 439 439 485 490 492
 231 232 274 231 232 232 232 274 276 340 340 340 340 343 343 553 554
 231 276 231 431 431 442 442 553 555
 233 234 233 235 233 233 233 233 233 233 234 235 234 234 235 235 235 235 235 235 235 235 235 235 235 235 235 235 236 236 240 268 449 449
 234 234 234 234 247 252 510
 236 238 244 446 236 236 236 238 462 238 238 244 246 281 293 311 446 446 446 725
 236 239 245 236 236 250 236 236 236 236 236 239 245 284 299 315 341 451 341 349 446 446 462 637 446 446 446 446 451 451 451 487 487 799
 236 240 236 236 236 240 240 240 247 252 247 252 252 252 280 280 289 289 289 289 316 316 316 316 510 510 510 510 720 720 720 720
 236 241 246 236 242 248 236 236 241 288 241 241 242 288 314 447 494 447 494 499 776
 236 247 287
 236 251 448 236 242 242 251 286 309 286 448 448 448 448 448 448 448 448 448 448 448 499 792
 236 252 252 289 449 449 449 580
 236 253 237 241 257 237 237 237 450 450 455 793
 237 238 255 237 240 256 237 237 237 237 237 237 238 472 240 243 256 243 254 255 256 256 257 257 259 296 313 472 536 743
 238 277 459 238 465 277 277 278 277 277 277 392 459 465 459 465 581 586
 238 239 278 460 238 282 463 238 464 238 238 238 238 238 239 239 239 244 244 246 244 244 246 278 291 278 278 282 294 291 300 291 291 294 295 298 298 300 305 391 460 460 460 463 463 463 466 687 711 835
 238 240 260 279 238 240 244 260 292 244 260 260 260 260 260 260 260 260 545 260 260 260 260 260 260 260 260 260 260 260 260 260 260 267 267 279 279 292 279 279 598 279 292 292 309 309 545 598 792 792
 238 242 474 238 468 238 238 242 242 242 255 257 255 255 255 257 270 270 270 270 278 285 278 280 280 710 280 280 285 339 290 290 296 296 310 312 339 468 474 676 968 968
 238 283 238 240 240 245 267 302 261 261 261 261 267 283 283 283 283 283 293 293 545 545 609 776
 239 239 267 240 240 240 240 240 240 240 240 246 246 250 307 264 264 264 264 267 267 267 267 267 267 267 282 282 299 303 299 302 302 307 550 550 637 642 637 642 713 784
 239 239 241 241 241 241 241 241 241 241 246 246 284 285 301 285 306 378 477 477 483 491 618 623 815 817 950
 240 268 240 247 247 247 268 268 268 268 268 277 277 277 277 580 277 277 280 277 277 277 277 277 277 280 280 280 287 289 287 287 289 289 580 580 672 672 672
 240 242 240 240 240 242 242 242 249 251 308 251 269 269 269 269 272 281 281 643 302 308 308 308 311 311 314 562 725 725
 241 242 287 270 270 287 310 287 392 392 493 793
 241 289 242 257 289 312 289 495 581 709
 243 244 255 243 255 263 263 263 263 265 308 386 402 402 402 402 535 878
 243 246 257 290 243 243 253 243 253 257 530 257 257 265 265 290 314 400 400 417 456 456 456 456 463 463 467 475 484 484 530 855 855 869
 243 247 259 243 247 253 259 290 310 401 401 459 459 468 465 465 474 465 465 582 582 721 721
 243 252 243 252 253 252 254 252 254 290 312 369 369 370 370 428 428 428 428 455 455 472 473 473 474 495 495 511 710
 244 245 291 325 342 342 342 342 390 394 459 576 459 459 459 459 459 576 576 587 915
 244 247 261 293 244 245 247 264 299 245 247 247 247 247 261 264 261 322 261 261 261 261 261 264 330 264 576 576 576 576 576 576 594 594 594 594 599 594 594 594 594 596 596 606 599 610
 244 294 245 344 344 344 344 465 594 465 465 465 465 465 594 594 594 602 611
 244 250 295 244 351 355 466 595 595 602 602 846
 244 249 258 262 262 262 262 291 297 291 410 468 468 542 596 596 602 652 916
 244 251 244 251 255 255 262 255 255 258 262 262 262 266 290 290 293 293 296 296 302 324 324 332 332 386 386 386 386 399 399 399 399 542 544 823 869 1001 1001
 244 252 244 246 252 252 252 293 309 430 430 462 598 598 599 599 642 665
 244 254 254 262 327 262 262 262 265 297 327 368 368 472 472 535 598 598 744 761 761 918
 244 298 244 250 326 348 390 390 390 390 432 464 600 848
 244 263 249 263 263 263 263 263 263 263 266 294 328 390 390 420 474 474 544 599 599 641 918
 245 300 245 246 246 250 333 343 343 345 425 460 587 460 466 587 607 607 833 848 848 930
 245 252 303 245 250 252 252 252 252 252 252 252 341 341 346 346 429 429 429 429 429 429 430 461 461 462 609 609 610 644 713
 245 305 245 246 246 250 343 343 350 358 409 409 409 409 426 426 463 463 464 611 846 857
 246 247 309 247 267 267 267 267 322 578 578 682 658 658 658 665 658
 246 248 310 251 251 266 266 270 270 270 270 270 270 270 270 310 330 394 394 403 403 410 478 478 552 552 666 683 683 869 908 908 957
 246 271 311 247 250 315 247 247 247 247 247 264 331 264 264 264 334 271 271 271 271 271 271 271 334 577 624 577 606 610 619 628 619 624 628
 246 251 312 248 251 257 258 257 531 257 257 258 299 312 403 403 420 484 484 531 611 659 685 685 685 685 695 823 909 909
 246 252 252 311 430 490 490 663 663 686 686
 247 248 314 247 247 251 247 251 272 272 330 404 404 578 578 578 684 578 658 658 658 658 665 675 675 675 675 682 684
 247 316 252 316 580 580 672 672
 248 249 248 276 249 250 265 265 273 273 276 306 338 338 352 359 384 384 418 476 502 502 531 531 533 641 653 833 833 847 848 848 857 874 891 891
 248 250 275 248 249 249 266 337 266 274 274 275 274 274 275 275 301 354 361 396 419 419 422 425 425 426 426 486 505 505 549 552 552 650 857 887 892 929
 248 252 249 252 249 251 252 251 252 252 252 252 252 299 314 404 404 421 421 421 421 430 430 499 499 500 610 625 625 642 643 665
 250 254 318 253 253 254 253 253 254 254 258 258 273 273 276 276 306 318 347 360 371 385 385 481 518 518 530 530 532 670 670 711 823 824 832 832 843 887 909 909
 255 256 260 255 256 260 260 269 260 260 263 319 260 262 260 260 260 260 260 260 260 260 320 260 260 260 260 262 263 269 292 292 319 319 319 319 319 319 319 320 320 327 327 750 750 761 761
 256 257 256 258 256 256 256 256 256 256 257 267 267 272 293 294 297 666 685 685 685 685 729
 257 259 257 259 265 267 267 269 269 269 269 309 327 327 328 588 696 696 696 696 744
 257 271 257 259 259 271 271 271 272 273 311 335 584 620 623 636
 257 270 316 428 689 802 802
 258 275 304 364 372 372 428 429 428 429 429 996
 260 268 260 261 260 260 261 268 279 279 597 279 286 286 597
 264 267 267 268 268 268 268 268 268 281 281 283 283 283 288 608
 265 266 273 335 362 362 363 365 363 365 428 428 428 428 430 849 997
 266 267 267 269 270 269 269 269 270 272 270 270 322 325 325 328 659 683 683 740
 270 271 270 271 272 275 334 336 618 635
 277 279 576 277 283 277 277 279 279 594 279 283 283 283 433 433 576 594
 277 281 277 277 277 277 277 578 277 277 277 277 277 277 281 282 658 434 434 434 577 619 578 578 658 658
 278 279 278 279 279 319 279 282 279 279 595 279 279 279 279 279 279 279 600 279 279 321 279 279 602 279 282 291 292 291 302 292 292 292 319 292 294 292 292 292 294 302 319 319 319 319 319 319 319 319 324 319 319 319 319 319 319 319 319 319 319 319 319 319 319 319 319 319 319 319 321 319 319 319 321 321 323 323 324 325 325 388 388 390 390 595 600 602 915 915
 278 281 284 585 278 278 278 281 648 284 293 293 294 294 295 305 311 311 393 683 683 696 696 696 696 697
 278 283 587 278 282 283 283 283 283 283 293 309 293 309 323 324 324 394 611
 279 280 599 279 281 279 279 279 596 279 279 279 279 279 279 279 280 281 292 293 292 292 292 293 322 322 596 599 1053 1053
 280 281 286 280 283 280 280 281 283 281 281 283 283 283 283 283 283 283 283 283 283 286 286 286 286 286 286 286 299 302 302 309 309 322 322 330 606 610 1053 1053 1053 1053
 280 287 720 287 287 287 316 316 720
 280 288 280 282 665 280 280 280 280 280 280 281 644 281 639 281 281 282 284 284 288 288 288 288 288 288 288 302 303 302 307 315 307 311 311 330 330 331 334 334 334 334 665 682 682 1063 1063
 281 637 287 287 287 287 322 334 334 434 434 434 434
 281 282 638 281 282 284 284 334 322 322 325 325 325 325 326 326 333 333 334 334 334 396 397 427 427 427 427 427 427 427 427 683 683 698
 281 641 281 652 282 282 285 285 285 285 309 309 311 311 327 327 327 327 329 329 332 332 683 683 685 685 685 685 695 957
 281 642 289 289 289 289 309 311 578 578
 282 283 283 283 322 322 323 409 607 1059
 284 331 287 287 287 287 287 287 287 287 330 349 413 413 413 413 434 434 434 434 434 434 725 799
 285 289 289 289 289 290 313 369 459 472 459 459 582 592
 286 287 286 288 287 288 287 287 287 287 322 330 433 433 433 433 433 433 433 433 433 433 433 433 776 792
 286 289 286 288 289 288 289 289 289 289 293 299 576 576 576 598 609
 290 309 290 327 327 399 399 446 448 446 448 448 484 448 448 448 448 448 448 448 448 448 478 750
 290 311 290 311 313 313 332 366 400 460 478 469 478 832 878 878
 290 313 316 316 316 316 339 370 401 428 428 468 470 493 493 743
 291 293 299 291 405 405 409 409 587 594 658 594 594 594 595 658 658 658 658 658
 291 303 291 298 305 291 291 293 293 298 323 323 345 350 350 408 408 585 599 665 599 599 599 600 638 665 917
 291 306 291 295 327 327 380 383 591 598 598 662 605 663 663 806 821 821 821
 292 295 307 829 292 292 298 292 321 292 292 292 292 295 298 307 321 321 321 321 321 321 321 326 326 387 387 389 389 829 917 917
 292 296 292 297 292 308 292 292 292 320 296 297 308 320 320 320 320 320 320 386 320 320 320 320 320 321 321 328 328 329 329 386 916 916 918 918 1054 1054
 293 294 294 299 322 330 407 407 407 407 576 578 576 576 576 576 576 578 578 578 578 578 600 607 607 611
 293 295 315 322 331 345 397 600 697 915 915 915 915 930
 293 297 823 297 309 312 312 314 420 600 659 695 761 761 761 761
 293 324 293 294 294 295 303 324 333 324 324 333 345 358 358 396 595 595 596 596 596 596 648 682 682 829 829 925
 293 316 429 316 334 429 429 596 637
 293 298 315 358 426 602 602 698
 294 295 294 300 300 303 309 309 324 324 324 324 348 355 355 598 711 598 598 598 600 687 642 642 851 851 917
 294 297 304 336 364 596 601 601 649 689 689
 294 294 298 301 329 423 599 686 599 605 605 640 645 686
 295 317 296 297 296 296 298 296 297 298 307 318 318 337 386 386 386 386 400 400 400 400 403 403 828 960 961 1073
 295 318 828 297 297 338 395 416 829 829 916 916 967
 295 298 317 329 398 416 416 917 918 961 918 959
 299 305 309 299 300 300 302 302 307 309 309 309 323 323 387 387 387 407 407 407 407 432 846 851 848 851 925
 299 300 311 311 315 355 406 611 696 696 697 833 846
 299 316 430 303 315 316 316 316 316 316 316 316 316 316 316 316 316 316 316 316 330 331 346 346 349 349 430 606 617 637 617 639 725 776 776 784
 299 334 305 311 311 315 330 331 334 334 334 348 393 394 394 406 406 432 432 607 607 683 683 698 857 930
 300 304 300 301 303 304 304 304 312 312 312 312 313 313 313 313 317 318 318 353 360 367 424 424 585 654 729 751 751 823 827 832 832 837 837 855 855 868 869 985
 300 306 301 305 332 379 383 383 423 423 430 430 430 430 834 858 859 880 993
 301 303 314 315 314 315 317 908 333 333 336 338 336 336 336 338 354 357 357 361 414 414 418 425 425 638 653 740 762 762 844 908 930 965 1062 1062 1065
 302 305 302 307 322 322 322 322 323 323 330 330 333 333 387 387 387 405 405 405 405 408 408 426 925 930 1062
 303 305 309 309 323 323 325 325 326 325 325 326 348 351 351 388 388 389 389 391 637 637 792 792 792 792 835 925
 303 306 314 314 315 315 909 317 332 332 335 337 335 352 356 356 359 376 422 432 432 650 652 744 758 758 843 846 857 892 909 958
 305 306 310 310 310 310 317 331 331 335 335 337 339 339 339 339 347 353 374 374 382 382 391 412 412 835 844 855 908 855 869 878 878 908 936 985 1008 1026 1026
 307 317 307 308 308 308 308 326 326 959 328 328 329 329 967 337 338 338 387 387 387 398 403 403 406 406 406 406 1075
 309 310 314 310 322 328 328 388 388 410 666 750 750 869 957
 309 316 311 316 316 316 322 430 682 725 792 792
 309 313 313 329 368 588 750 750 878
 322 325 325 330 388 394 405 405 433 434 433 433 433 433 433 433 433 433 433 433 433 434 434 434 434 434 1059 1059
 322 326 331 350 388 388 393 1062
 322 323 327 322 329 323 327 327 329 327 332 332 339 339 339 339 410 420 725 729 725 740 750 750 792 792 792 792 1001 1001 1054 1054
 323 405 407 1053 1053 1053 1053
 324 342 344 545 545
 325 327 328 335 363 375 375 375 792 802 807 802 1028 1051 1051 1051
 326 960 328 329 328 337 389 395 389 395 1054 1054 1073 1075
 330 334 331 334 333 334 334 351 397 406 425 427 427 427 427 1059 1059 1059 1059 1062 1062
 341 342 341 343 342 343 342 342 342 342 342 342 345 348 396 462 464 687
 341 341 344 343 343 344 344 344 344 344 344 344 355 355 358 358 462 466 648 711
 341 341 343 343 343 343 359 361 415 415 483 490 775 490 491 494 804 494 773
 345 346 355 355 430 430 611 687 711 833 833
 345 347 356 381 416 729 790 806 806 909 985
 345 349 348 349 397 406 407 406 407 407 407 585 637 697 725 835
 345 351 346 348 346 351 358 358 396 425 425 429 429 430 429 429 429 429 429 429 429 429 429 429 430 585 648 587 587 611 638 857
 345 353 359 414 414 416 416 418 420 585 649 591 591 687 736 773 773 843 855 855
 345 354 361 418 423 426 824 880 961
 346 350 348 350 391 394 394 430 430 835 857
 346 352 346 354 356 357 381 421 421 728 739 731
 346 353 360 370 370 371 370 370 726 736 745
 347 348 347 353 363 356 356 359 363 363 363 376 420 422 869 960 993 993 996 1008
 347 349 378 403 403 773 793 793 802 802 817 899 899
 347 350 350 352 379 379 382 382 383 383 410 412 412 418 422 929 930 958 959 997
 347 351 351 352 380 380 382 382 395 395 410 728 740 744 786 807 807 844 857 887
 347 352 362 362 362 362 385 385 417 533 552 553 849
 348 353 359 398 423 424 424 834 834 868 878
 348 354 361 395 396 395 420 424 424 425 425 640 641 649 726 804 804 887 985
 349 350 349 351 350 351 391 393 405 405 406 405 405 406 637 638 698 725
 355 357 355 361 357 361 364 358 359 358 360 364 364 364 367 822 823 827 828 858 859 859
 355 359 355 360 367 368 368 416 416 645 652 662 662 711 745 775 775 832 837 832 837 847
 357 358 358 361 415 415 416 645 648 733 844 908
 359 360 365 365 365 365 366 366 367 530 532 555 858
 366 367 366 371 417 418 431 431 431 431 476 488 485 486 485 488 731 786 833 833 843 847
 366 368 366 370 368 370 370 370 417 420 428 428 428 428 428 428 428 428 430 430 476 484 478 486 478 484 729 744 832 832 855 855
 366 369 366 368 369 368 369 369 399 472 399 400 399 399 400 467 472 481 642 652 695
 367 369 369 400 400 663 664 709 709 765 765 775 815
 367 368 368 371 382 383 384 382 383 384 385 385 410 418 846 849 856 856 874 965 967
 367 371 372 372 372 372 417 422 531 549 554 997
 373 374 377 373 376 377 378 377 380 377 378 394 415 415 426 426 776 795 799 799
 373 375 390 597 667
 373 376 373 373 373 377 377 381 381 396 610 629 629 644
 374 378 392 392 413 413 413
 374 375 375 375 376 375 375 375 380 388 389 389 792 795
 374 376 379 374 379 391 398 393 393 398 408 411 411 411 411 411 411 411 414
 374 380 374 381 376 379 379 381 380 391 397 397 398 398 408 408 414 414 432 432 725 725 734 734 784 795 795
 376 378 378 381 381 397 414 414 617 628 617 629 618 628 665 784
 376 398 432 1063 1063
 377 379 425
 378 379 378 380 379 380 391 393 618 629 665 683 686 683 686 734 734
 380 381 396 409 415 608 660 660 667 667 667
 382 385 400 400 401 401 624 636 689 689 786
 384 385 385 417 431 431 481 492 492 765 765 818 891 891 909
 384 421 818
 388 389 391 388 432 784 792 792
 388 392 433 392 394 392 392 433 433 433 433 433 776 792
 388 393 388 389 389 397 408 408 1053 1053 1053 1053 1063 1063
 388 390 394 390 409 409 576 576 576 577 577 599 610 599
 389 390 396 390 390 390 426 599 599 644
 389 398
 391 392 392 393 392 392 392 392 392 392 434 434 434 434 434 434 617 618 683 725
 391 395 410 412 422 890 892 899 899 908 1028 1028
 391 394 396 394 408 408 409 409 409 409 425 426 425 426 432 432 610 618 618 637 637 644 665 665 776 776 784
 391 397 393 394 394 396 425 425 427 427 427 427 427 427 427 427 637 683 683 725 799 799
 393 397 413 413 413 413 434 434 434 434
 396 397 427 427 427 427 577 617 577 618 578 578 578 637
 396 398 414 414 415 415 415 415 425 425 426 644 686 686 734 734
 399 399 401 399 399 400 400 401 401 401 410 417 468 469 468 486 588 682 744
 402 403 402 404 402 402 402 402 402 402 417 474 475 474 476
 403 404 405 405 410 659 665 740
 403 406 403 404 404 406 418 422 620 628 686 628 635 686 786 790 790
 403 407 404 407 420 665 666 729
 409 410 409 420 421 421 430 430 607 641 652 908 909
 417 421 428 428 428 428 456 456 481 909
 419 420 424 419 422 423 424 432 936 996 1073
 419 421 890
 426 432 610 628 628
 427 427 434 434
 433
 433 576
 434 434 578 683
