 1 23 1 23 23 23 23 23 23 42 23 23 23 23 23 23 23 23 23 23 23 23 23 23 23 23 23 29 39 42 42 42
 1 8 19 8 8 8 8 8 8 8 8 8 8 8 8 8 8 8 8 8 8 8 8 8 8 8 13 19 19 19 38
 1 25 1 1 2 1 2 2 2 25 25 25 25 25 25 25 25 25 25 25 38 38 38 38 52 65 65
 1 2 2 2 2 24 33 60 71 71 71 71 83
 1 3 1 1 1 3 3 3 24 24 24 24 33 33 33 33 59 59 72 72 72 72 72 72 72 72 82
 1 1 4 1 1 3 3 4 4 25 25 25 25 38 25 25 25 25 25 25 25 25 25 25 25 25 25 25 25 25 25 25 25 25 36 36 36 36 36 36 38 38 38 64 64 66 67
 1 1 42 4 4 4 23 41 23 23 23 23 23 23 23 23 23 23 23 23 23 23 23 23 23 23 23 23 23 23 23 23 23 23 23 23 23 23 23 23 23 23 23 23 23 23 23 23 23 23 23 23 23 23 23 23 23 23 23 23 23 23 23 23 23 23 23 23 23 23 23 23 23 23 23 23 23 23 23 30 40 41 41 41 41 41 42 42 42
 2 3 2 45 46 45 47 45 45 45 45 46 47 46 46 46 46 46 46 46 46 46 46 94
 2 2 2 4 2 2 2 2 2 3 3 4 4 24 24 24 24 33 33 33 33 57 57 57 57 60 60 76 76 76 76 81
 3 5 3 5 5 11 11 11 11 11 11 11 11 16 16 16 16 16 16 60 60 76 76 86
 3 4 3 4 4 5 5 5 5 5 5 10 10 10 10 10 10 10 10 10 10 10 10 10 10 10 10 10 10 10 10 10 10 10 10 18 18 18 18 18 18 18 18 18 18 18 18 38 38 38 38 62 66 68
 3 6 6 6 6 6 6 24 31 31 31 31 31 31 31 31 31 57 57 71 71 71 71 84
 3 7 3 7 7 45 45 45 45 45 45 45 45 45 45 45 45 47 47 47 47 47 47 95
 3 3 4 4 4 7 7 7 7 7 7 24 24 24 24 33 33 33 33 56 56 56 56 56 56 59 75 75 75 75 80
 4 5 8 8 8 8 8 8 8 8 8 8 8 8 8 8 8 8 8 8 8 8 8 8 8 8 8 8 8 8 8 8 8 8 8 8 8 8 8 8 8 8 8 8 8 8 8 8 8 8 18 18 27 35 35 35 36 36
 4 6 6 6 6 23 28 23 23 23 23 43 23 23 44 23 23 23 23 23 23 23 23 23 23 23 23 23 23 23 23 23 41 41 44 44 44 44 44 44 44
 4 7 25 25 25 25 36 36 63 69
 5 5 5 9 9 9 9 9 14 9 9 9 9 9 9 9 9 9 9 9 9 9 9 9 9 9 9 20 9 9 21 9 9 9 9 9 9 9 9 9 9 9 9 9 9 9 9 9 9 9 9 9 9 9 9 9 9 9 9 9 9 9 9 9 9 9 9 9 9 9 9 9 9 9 9 9 9 9 9 9 9 9 9 9 9 9 9 9 9 9 9 9 9 9 9 9 9 9 9 9 9 9 9 9 9 9 9 9 9 9 9 9 9 9 9 9 9 9 9 9 9 9 9 9 9 9 9 9 9 9 9 9 9 9 9 9 9 9 9 9 9 9 9 9 9 9 9 9 9 9 9 9 9 9 9 9 9 9 9 9 9 9 9 9 9 9 9 9 9 9 9 9 9 9 9 9 9 9 9 9 9 9 9 9 9 9 9 9 9 9 9 9 9 9 9 9 9 9 20 20 20
 5 6 5 7 6 6 6 6 7 6 6 6 10 10 10 10 10 10 10 10 18 18 18 18 36 36 53 61 61 63
 5 5 5 7 7 7 7 7 7 11 11 11 11 11 11 11 11 16 16 16 16 16 16 59 75 75 85
 8 9 8 8 9 9 9 9 9 9 9 9 9 9 9 9 9 9 9 10
 8 10 8 8 8 8 8 8 8 8 8 8 8 8 8 8 8 8 8 10 23 23 23 23 23 23 25 23 23 23 23 23 23 25 25 25
 8 11 8 8 8 8 8 8 8 8 8 8 8 8 8 8 8 8 8 8 8 8 8 8 8 8 8 8 8 8 8 8 8 8 8 8 8 8 8 8 8 8 8 8 8 8 8 8 8 8 8 8 8 8 8 8 8 8 8 8 8 8 8 8 8 8 8 8 8 8 8 8 8 11 11 11 16 24 24 24 33
 8 12 8 8 12 12 12 26 26 26
 8 15 8 8 8 15 15 15 32
 8 17 8 8 8 8 8 8 8 8 8 8 8 8 8 8 8 8 8 17 34 34 34 37 37
 8 8 8 8 8 8 8 8 8 8 8 8 8 20 8 8 8 8 8 8 8 8 8 8 8 8 8 8 8 8 8 8 8 8 8 8 8 17 17 37 38 38 42
 8 18 8 8 8 8 8 8 8 8 8 8 8 8 8 8 8 8 8 8 8 8 8 8 8 18 32 32 36 41
