 1 6 5 5 5 6 6 11 6 11 19 19 19 19 76 78 76 78 124 124 237 237 239 239 239 239 395 395 395 395 755 837 1136
 1 7 4 7 18 18 25 25 29 29 63 63 103 103 104 104 233 233 248 248 384 390 384 384 384 390 390 390 390 390 390 390 390 390 390 390 390 390 390 390 390 390 390 390 390 390 390 390 397 397 397 487 487 812 812 820 820 821 821 822 823 1043
 1 8 1 2 2 2 2 2 3 12 59 2 65 2 2 2 2 2 2 8 12 58 20 20 30 30 44 44 58 59 65 92 92 108 108 159 159 186 186 193 193 397 397 400 400 831 400 400 832 420 420 420 420 428 428 831 838 1111
 1 3 9 1 3 3 14 3 4 4 98 4 4 4 23 4 9 14 23 32 47 32 33 33 53 47 53 106 86 86 89 89 97 97 98 106 116 116 120 120 137 137 149 149 170 170 208 208 217 217 227 227 232 232 347 347 347 347 347 347 347 347 384 384 384 384 384 384 384 384 397 397 418 418 419 419 419 419 419 419 490 490 805 805 815 827 828 829 829 1022 1046 1046 1095
 1 10 1 1 1 3 49 3 3 17 3 10 17 37 37 39 39 48 48 49 54 54 91 91 94 94 107 107 119 119 123 123 155 155 176 176 192 192 223 223 236 236 397 397 397 397 400 400 400 400 400 400 400 400 419 419 419 420 420 420 420 429 429 817 817 818 818 819 834 1058 1139
 1 11 41 1 11 40 40 40 40 41 41 55 41 55 55 55 81 81 82 82 124 124 157 157 189 189 395 395 395 395 395 395 810 839
 3 4 13 68 3 5 15 4 5 22 132 4 5 5 5 5 5 5 5 13 67 15 22 67 68 112 112 115 115 121 121 131 131 132 280 202 202 218 218 234 234 262 262 280 347 347 347 347 384 384 384 384 397 420 420 420 420 453 453 813 813 1021 1021 1031 1032 1108 1109
 3 16 74 16 73 73 74 122 122 220 220 266 266 347 400 347 736 1125
 4 21 127 4 21 126 126 127 272 139 139 141 141 272 327 327 327 327 327 327 327 327 327 327 327 327 327 327 327 327 565 566 712
 6 7 6 8 6 7 8 7 26 262 263 265 344 345 344 345 345 348 591 345 345 345 348 352 352 352 352 358 358 358 410 410 410 591 591 626 626 626 767 770 792
 6 9 6 10 6 6 6 6 77 142 234 287 345 589 345 345 345 396 396 589 589 760 762
 7 9 24 7 24 24 27 24 24 25 31 24 24 32 24 126 198 318 325 318 320 318 318 320 325 325 325 325 325 325 325 325 325 325 325 325 325 325 325 346 645 654 701 703
 7 10 25 7 7 11 7 7 7 25 25 28 30 112 171 232 385 386 385 386 391 391 391 391 391 391 391 391 398 784 398 399 399 795 399 406 406 863
 8 26 26 264 266 348 354 402 644 354 354 354 388 388 402 402 988 402 402 402 402 402 402 415 415 644 987
 8 9 27 8 10 28 8 8 9 12 12 27 28 42 43 43 113 170 173 251 253 346 348 620 348 624 348 348 365 365 374 374 398 398 403 403 414 414 414 414 430 430 437 443 514 514 620 944 961 975 1091 1091
 8 29 8 11 30 8 8 10 11 12 42 12 29 44 121 182 192 235 260 399 399 401 401 445 445 447 447 447 447 870 873 973 973
 9 10 13 31 9 14 13 45 13 13 31 45 46 85 129 200 202 283 346 367 367 406 951 406 427 432 432 477 597 597 621 1066 1066
 9 11 32 14 48 79 131 205 131 217 399 798
 9 33 11 17 49 83 109 112 201 233 349 349 408 408 422 422 733 733 868 1039
 9 15 34 15 34 50 87 106 133 234 269 271 271 272 272 330 538 330 330 330 330 330 330 330 538 715 746
 9 16 35 9 17 10 16 51 16 16 35 51 52 88 140 226 140 227 285 336 364 336 336 336 346 363 363 364 424 550 550 609 610 612 991
 10 36 14 46 36 90 135 213 220 398 407 783 407 407 407 407 407 423 427 757 914 757 913
 10 11 37 11 18 14 18 18 18 37 39 47 68 71 68 80 155 215 216 399 399 401 401 422 422 423 423 833 833 848 854
 10 15 50 15 18 19 18 20 19 19 19 20 22 92 106 277 452 452 452 452 452 452 452 452 726 726 733 733 964
 10 38 17 52 38 93 143 229 143 236 398 788 398 789 424 431 478 985 985
 10 39 11 11 17 20 20 54 20 20 53 54 84 117 121 193 231 399 399 877
 12 15 60 19 63 243 344 349 344 349 385 385 994 1123
 12 13 56 18 28 50 78 104 108 132 235 243 255 281 360 367 360 365 360 410 410 410 410 410 410 412 412 412 412 796 1037 1122
 12 14 57 12 57 62 100 166 176 417 423 423 430 433 437 518 518 521 941 1081
 12 16 61 20 43 87 87 159 257 364 365 389 389 415 415 425 425 425 425 735 934
 12 17 62 12 64 64 117 178 189 189 191 191 192 193 235 416 416 416 416 971 971 971 971 971 971 1056 1120
 13 14 21 66 13 21 21 95 111 133 209 133 218 413 413 418 556 556 667 675 829
 13 15 22 69 13 16 70 15 16 113 274 280 364 367 576 576 614 614 713
 13 17 23 71 13 109 114 142 142 230 230 237 416 418 416 791 791 796 799 813
 14 18 18 21 21 21 31 35 70 70 96 149 282 341 341 341 341 427 556 556 556 556 556 556 646 692 825 1046
 14 15 15 15 17 15 22 22 66 71 100 117 129 196 208 423 1054 423 431 431 625 719 719 726 726 726 726
 14 16 72 16 16 17 75 16 23 23 101 72 75 118 135 214 223 363 363 366 366 607 611 811 814
 14 17 19 19 19 19 22 99 22 119 1050
 14 20 17 20 20 20 23 23 46 52 100 102 110 113 186 424 427 476 811 966 1059 1059
 17 18 18 23 36 36 38 38 71 136 105 157 412 412 412 412 424 752 752 752 805 811 846 864
 21 125 528 532 528 528 528 528 567
 21 22 128 21 129 21 23 22 140 556 556 679 813
 21 130 23 138 564 699 812
 22 133 142 714 726
 22 23 134 22 23 135 143 811 982
 23 136 791 794
 24 35 24 24 33 24 25 138 139 139 225 139 139 225 328 329 328 329 329 329 329 329 329 329 334 334 334 334 334 334 334 334 334 334 334 334 334 334 334 334 337 337 350 552 552 558 572
 24 34 144 145 267 310 313 310 310 310 310 310 310 310 310 310 310 310 310 310 310 310 310 310 310 310 310 310 310 310 310 310 310 310 310 310 310 310 313 313 313 537 541 546
 25 36 25 37 25 33 37 40 40 40 40 153 154 352 353 352 352 352 352 352 352 352 353 378 378 378 396 396 396 396 396 396 403 403 409 409 409 759 764 764 764 893 972 972 972 978
 25 38 25 39 25 41 116 190 391 391 393 391 391 393 405 405 408 408 408 497 856 862
 26 27 26 42 77 252 254 351 354 354 354 354 354 354 354 354 374 409 409 409 443 469 489 489 489 489 507 507 651 651 655 880 1048
 26 28 26 29 26 26 42 76 44 76 76 115 175 261 411 411 411 411 450 502 502 502 502 502 502 994 994 1017 1017 1021 1024
 26 30 26 26 26 43 43 44 77 77 122 184 187 404 404 406 404 404 934 404 404 936 445 450 507 507 891
 27 28 31 45 45 79 57 57 95 164 284 465 467 481 1038
 27 29 31 56 47 56 86 96 98 104 120 104 127 127 127 127 130 203 203 228 247 249 286 337 341 337 341 341 341 341 341 341 341 413 433 413 413 413 413 413 433 441 656 674 1042 1106
 27 30 32 27 32 46 48 57 57 58 58 58 58 85 97 165 165 177 207 346 369 369 398 398 417 432 432 463 491 491 620 620 632 967
 27 33 27 30 33 49 52 59 59 62 88 110 116 116 177 190 190 228 350 350 353 353 353 353 374 374 381 393 393 393 393 405 405 938 436 436 439 440 440 444 444 475 475 492 510 510 741 741 937 960
 27 34 34 60 50 56 60 69 144 60 60 61 87 144 144 144 242 144 144 245 173 240 240 252 270 241 245 278 269 270 270 270 301 301 303 303 305 315 319 337 315 315 315 315 315 315 315 317 319 317 323 317 317 317 317 319 319 337 580 655 717 731 732
 27 35 28 51 51 83 62 111 169 286 337 372 337 339 339 339 339 351 351 372 381 442 458 486 509 554 608 554 562 562 562 562 613 656 669
 27 29 35 61 53 61 89 141 141 228 141 250 341 341 341 341 441 490 501 501 555 555 555 555 555 555 662 690
 28 29 36 36 48 81 62 109 137 174 412 412 412 412 417 504 504 504 785 824 829 866
 28 38 29 38 64 49 82 64 80 82 94 82 104 82 83 86 98 104 114 151 156 172 172 172 172 175 409 409 409 409 409 409 411 411 411 411 411 411 411 411 440 440 448 450 448 448 448 448 448 486 1036 1039 1144
 28 30 37 28 46 80 47 222 403 403 406 950 406 433 436 436 442 444 494 494 494 518 518 855 855 945 949
 28 39 28 30 43 44 43 52 84 53 85 86 86 160 160 238 238 405 940 405 941 406 406 441 450 454 454 474 510 510 968
 29 30 29 37 37 41 39 41 41 41 49 53 59 62 59 91 156 183 188 401 401 408 408 408 408 445 445 449 449 449 449 503 503 844 853
 29 29 30 39 54 54 55 55 55 55 64 64 65 65 65 65 94 120 123 123 185 451 451 451 451 451 451 451 451 503 503 969 973 973
 30 40 39 40 40 40 90 158 396 396 396 396 511 511 511 892 894 971 971 971
 30 41 41 44 54 93 54 91 161 191 408 408 858
 31 36 66 128 147 199 351 410 355 355 355 355 355 355 355 355 357 410 410 410 410 410 437 483 577 588 600 675 762 804
 31 32 37 31 67 32 66 67 146 146 204 346 348 348 348 348 356 357 356 356 356 357 430 443 515 515 584 584 629 983 986 1091
 31 33 39 31 68 33 46 47 68 71 96 112 112 135 150 171 226 350 350 353 353 353 353 376 376 380 386 386 721 386 386 406 406 433 434 433 434 434 434 442 444 444 461 461 721 783 874 874 956 957 991
 31 34 69 34 34 35 34 66 125 69 125 194 125 148 242 273 247 268 292 292 292 301 292 301 315 323 315 315 315 315 315 315 315 323 529 529 529 529 529 529 534 534 535 579 579 582 662 681
 31 38 71 35 72 38 72 130 140 151 201 337 337 351 339 339 339 339 351 370 370 380 439 458 550 606 550 559 559 559 559 607 674 678 842 1039
 32 40 147 345 345 489 628 628 628 793
 32 41 33 41 47 48 103 103 116 136 151 169 349 349 399 426 426 426 426 486 737 737 867
 32 34 33 34 34 34 66 67 126 67 126 126 128 148 170 173 194 198 209 234 252 262 262 316 316 316 316 316 316 316 316 318 322 318 318 318 322 322 322 538 538 655 675 682 687
 32 35 32 35 73 39 46 48 72 72 73 73 73 97 111 111 150 177 206 336 336 368 336 369 336 346 596 368 369 417 492 554 554 615 616
 33 35 33 35 74 36 37 36 37 74 74 75 74 75 152 152 154 224 338 339 338 338 353 338 338 338 338 338 338 338 338 338 339 375 339 377 339 350 350 353 375 377 377 377 382 382 403 435 435 664 664 688 688 694 708 869 869 928 928
 35 75 36 75 138 138 224 138 153 337 342 371 342 342 342 342 342 342 342 342 342 342 342 342 342 342 342 342 342 342 342 342 342 342 342 371 382 551 551 552 557 557 558 571 758 759
 36 39 36 52 53 110 122 158 187 405 407 937 407 407 407 407 407 441 445 512 512 889 925
 37 38 38 38 39 38 49 52 118 156 403 403 405 405 439 440 444 455 455 455 455 513 516 516 942 947 985 985 1141 1141 1141
 42 50 60 56 58 67 58 60 59 60 60 63 63 78 78 92 103 103 159 159 171 182 244 245 245 280 246 277 293 356 360 356 358 361 356 362 356 358 358 358 358 358 360 364 361 362 369 362 365 362 870 1044 1129
 42 45 56 56 80 160 164 172 197 167 180 201 172 173 178 180 197 212 228 229 229 235 256 298 370 374 374 414 414 436 436 1062 1087 1134
 42 43 46 57 43 57 62 79 79 85 101 161 161 167 179 436 436 438 442 438 443 465 465 468 470 473 473 491 491 519 519 521 521 968 1071 1084 1084
 42 44 47 57 57 59 59 80 91 98 98 102 160 160 168 168 181 259 439 441 440 440 443 444 444 445 445 449 449 449 449 450 470 475 475 491 491 941 1118
 42 48 58 44 58 58 62 58 81 81 90 90 107 161 161 183 185 421 429 421 429 504 504 831 870 876
 42 49 59 44 59 64 64 82 82 82 84 82 91 93 93 156 163 163 180 448 448 448 448 511 511 511 511 511 511 1116
 42 51 61 61 84 162 258 259 374 381 374 508 508 510 510 651 655 655 742 934
 42 52 62 43 43 64 64 83 83 88 118 160 167 160 163 162 174 162 163 163 163 175 180 180 181 187 187 188 259 475 475 509 516 516 516 516 968 995 1114
 42 53 44 62 65 65 65 65 84 94 120 162 162 181 191 191 445 445 454 454 503 503 973 973 1085 1091 1091
 43 54 43 44 88 89 89 162 162 450 501 521 1008 1138 1138 1138 1138 1138
 44 55 94 163 1121
 45 46 66 95 95 134 165 211 414 414 437 438 473 473 479 479 481 621 1060 1063 1063 1063 1063 1063 1063
 45 47 96 45 48 67 97 66 67 132 212 132 132 134 132 134 279 164 219 219 365 368 365 367 367 368 383 423 423 427 430 430 442 468 482 482 623 968 1055
 45 53 102 45 49 68 98 68 71 98 100 121 167 212 229 229 235 433 443 433 447 437 441 444 444 445 445 447 447 447 450 461 461 484 789 1066 1066 1079
 45 50 69 99 45 51 70 100 50 51 69 70 96 99 110 128 128 242 166 200 226 274 276 275 276 279 305 305 456 456 482 482 577 623 723 1010
 45 52 71 101 143 168 231 434 438 434 439 462 476 484 789 1062 1064
 46 49 47 52 54 114 54 98 98 101 105 114 122 122 175 185 221 433 433 435 446 435 438 438 440 440 441 446 446 446 446 446 446 446 450 492 942 945 991 1074
 46 50 50 52 66 130 71 99 99 102 105 113 130 197 134 134 247 182 196 197 213 229 206 213 229 275 456 456 514 514 606 621 1005 1092
 46 51 72 51 52 75 109 72 75 101 109 136 216 136 183 221 370 371 370 372 371 372 377 377 377 377 377 377 377 377 458 458 462 513 513 519 519 596 603 609 938 950 950 957
 46 53 54 102 115 115 184 441 473 506 506 506 506 506 1017 1067
 47 49 55 104 55 104 104 105 104 123 123 172 172 174 401 405 401 401 401 406 403 403 405 406 488 843 847 1119
 47 50 50 53 66 68 127 68 121 127 127 129 127 173 197 207 276 413 413 413 413 549 549 1082
 47 51 105 49 51 74 72 72 74 74 74 174 350 351 350 351 373 373 373 373 373 373 375 375 405 406 493 512 512 740 757 757 879 879 881 906 895 895 915
 48 50 49 50 67 71 67 78 80 78 78 84 78 97 99 99 117 155 170 178 192 201 202 203 203 205 293 296 296 360 360 360 360 421 421 589 589 589 589 589 589 1051 1133
 48 51 73 107 51 53 110 73 73 75 137 73 75 137 179 221 222 366 366 368 368 505 505 608 617 824
 48 52 54 107 118 181 417 464 505 790 1110
 48 53 108 55 120 55 108 180 1057
 56 61 63 70 63 106 144 144 144 144 247 144 144 170 241 272 272 290 290 316 326 346 316 316 316 316 316 316 316 320 320 326 326 326 326 326 326 326 328 328 350 646 662 750
 56 57 66 56 57 60 60 60 62 60 96 99 164 166 169 178 242 276 259 275 276 293 302 302 309 309 357 357 372 372 376 376 1084 1088 1098
 56 59 65 68 63 63 65 104 104 106 124 124 175 192 244 246 348 349 348 349 349 349 353 353 386 386 393 393 398 401 785 398 401 846 1130
 56 62 64 71 56 63 63 63 64 63 105 119 169 172 176 170 172 188 171 172 185 172 174 176 189 189 189 190 192 189 190 201 203 203 208 215 233 233 236 236 361 378 361 361 365 361 365 378 378 378 378 378 416 416 416 416 417 421 421 424 421 421 440 440 844 848 1041 1090
 57 61 72 61 64 102 167 177 180 184 180 228 252 252 475 475 491 651 739 1099
 58 61 73 65 108 184 369 644 830 644 738 830 830 830
 59 61 74 187 353 354 354 354 354 393 394 394 404 404 404 507 507 747 887
 61 62 75 61 110 179 188 381 382 382 465 509 522 522 522 522 522 522 662 680 680 696 887 887
 66 69 128 69 75 128 195 195 204 359 359 359 359 383 467 520 520 577 578 578 578 578 578 578 579 579 608 711
 66 70 72 129 69 71 134 69 70 72 134 210 196 205 210 212 357 357 376 376 380 383 463 499 499 577 580 580 593 597 597 605 675 675 718 937
 67 69 74 199 336 343 553 343 343 343 344 344 385 387 553 729 880
 67 70 73 131 68 69 132 73 131 133 278 132 133 200 211 278 356 359 366 356 367 356 356 359 365 366 369 392 392 605 727 975
 68 70 74 213 353 355 355 355 355 386 387 407 407 407 749 765 765 775
 69 70 133 145 145 145 209 145 145 145 145 273 145 145 278 145 145 145 317 317 323 331 331 530 530 530 530 530 530 537 537 537 540 552 552 583 583 654
 70 71 75 135 70 214 215 380 382 382 459 500 500 500 500 500 500 646 683 683 698 774 775 775
 76 77 79 76 80 76 77 86 91 114 115 261 448 448 453 453 490 502 502 1039 1124
 76 81 526 526 526 526 756
 76 82 525 525 525 525 525 525 525 525 525 525 1140
 76 83 76 84 76 77 77 89 94 502 502 1021 1029
 77 85 77 90 507 527 527 527 527 527 527 527 527 527 757 898 882 889
 77 87 92 733 745
 77 88 77 93 507 507 508 881 885 985
 78 79 99 78 83 98 99 132 107 132 149 176 176 178 218 215 230 230 231 255 504 754 762 762 970 1033
 78 81 78 82 157 189 189 237 526 526 526 526 526 526 751 751 751 751 751 751 878
 79 80 85 95 79 96 95 146 146 164 177 211 212 295 374 380 374 392 392 392 392 443 465 470 465 468 472 472 481 484 941 1062 1062 1066 1066 1072
 79 81 86 97 136 281 137 147 147 169 281 360 418 360 486 754 797 1046
 79 82 89 98 151 180 489 489 502 1025
 79 83 87 100 87 148 178 249 252 284 261 297 676 1103
 79 84 88 101 79 102 150 179 181 465 466 465 466 468 470 471 492 991 1001
 80 90 96 154 171 213 215 299 375 376 375 378 378 380 378 387 387 387 387 436 442 517 757 757 773 774 848 892 892 895 895 899 906 915
 80 81 91 81 103 97 103 103 105 107 103 154 154 169 190 190 216 246 246 361 369 424 361 369 488 488 504 504 505 505 807 807 814 818 847 852
 80 83 83 105 88 101 150 151 151 152 152 152 221 152 156 174 435 435 435 435 439 442 466 466 493 493 509 519 519 841 841 842 843 843 847 881 881 946
 80 84 92 92 100 106 106 155 173 193 207 208 297 422 431 422 431 625 733 733 733 733 741 741 1083
 80 93 84 93 102 105 156 167 168 187 168 175 187 258 258 436 436 439 443 455 455 455 455 471 474 492 510 510 842 844 942 985 985 985 985 1039 1039 1117
 81 83 107 89 153 153 188 753 820 861
 81 84 81 108 94 107 108 158 158 188 191 191 504 504 831 872
 83 84 109 83 110 85 109 150 167 185 461 461 464 464 474 509 785 787 889 889 975
 84 90 110 158 184 474 510 512 512 757 757 880 886 887
 85 90 111 111 147 147 165 165 496 547 547 547 547 547 547 554 588 595 596 598
 85 86 91 112 86 116 112 116 117 121 143 143 146 164 146 171 253 386 386 386 386 393 393 393 393 441 450 454 454 471 789 874 874 968 1014
 85 87 113 87 117 87 88 87 148 148 166 182 485 485 508 508 514 514 606 612 662 663 898 898
 85 88 92 92 113 119 149 149 166 186 811 825 959
 85 93 114 88 118 93 114 151 151 168 168 183 470 471 475 475 496 496 842 847 908 942
 85 89 94 115 89 120 115 150 167 184 501 501 1012 1017 1017
 86 87 121 87 89 140 141 141 141 148 173 284 413 413 453 453 555 555 655 658 1021
 86 88 122 86 123 94 118 120 122 123 150 174 175 222 441 450 869 869 976 976 976 976 976 976 976 976 1016
 88 89 89 91 122 152 152 179 187 445 446 446 501 501 881 911
 88 90 118 153 153 183 475 516 517 516 758 912 764 764 764 856 856
 90 91 116 116 118 122 154 177 254 373 373 373 393 393 441 449 449 496 879 879 904 942
 90 92 90 93 92 93 117 119 157 157 182 186 752 752 817 849
 90 94 120 158 185 503 902 973
 91 92 92 94 119 120 121 124 124 124 124 155 178 193 1115
 91 93 93 94 123 156 181 449 449 454 503 503 1141 1141 1141 1142
 95 96 111 125 125 125 240 194 240 240 242 249 268 240 250 273 278 278 306 306 307 307 317 331 317 317 317 331 331 331 529 529 535 580 585 656 659
 95 97 112 126 126 129 131 126 271 131 194 198 202 207 217 232 271 271 271 284 318 318 318 318 657 673
 95 98 115 127 197 252 555 559 1104
 95 99 128 99 100 133 109 133 196 209 230 230 249 255 671 974
 95 100 113 129 95 101 195 195 196 251 463 479 467 467 479 481 484 629 945 1000
 95 102 114 130 197 250 1027
 96 97 103 116 103 126 126 241 126 130 198 225 225 225 227 232 225 228 233 241 250 282 286 318 363 318 368 318 318 326 326 326 326 326 326 326 326 363 368 625 656 674 691 693
 96 100 105 117 129 199 199 201 210 210 212 243 243 275 370 437 370 376 376 383 460 460 474 597 796 597 631 773 796 848 855 855 855 855 945 1053
 96 101 118 105 130 130 244 201 214 215 224 224 244 285 371 371 439 380 382 382 462 466 466 601 601 606 773 841 841 846 847 906 906 958
 96 102 106 119 106 129 202 227 242 279 280 280 308 308 363 363 432 432 625 721 721 737 737 737 737 1076
 97 100 107 121 131 131 131 135 137 131 137 204 226 253 279 369 369 427 468 824 952 1110 1110
 97 101 122 107 206 224 254 366 422 493 825 901
 97 102 108 123 108 207 228 368 432 494 494 494 833 833 1080
 99 101 134 214 256 1073
 100 101 109 135 109 113 210 210 214 260 459 459 463 477 519 519 773 781 944 957
 100 102 110 117 135 211 231 257 257 462 467 473 467 473 474 476 783 937 997
 101 102 136 110 118 136 216 221 258 258 462 462 463 478 478 513 513 774 780 938
 103 106 108 124 131 232 245 281 452 452 452 452 737 737 1026
 105 109 114 136 248 248 416 424 416 418 497 497 795 808 808 812 812 812 816 972 972 972 972 972 972
 105 106 110 106 119 135 206 208 220 220 236 236 247 285 424 427 614 614 614 614 688 688 1040
 107 109 137 115 216 261 504 754 761
 107 108 110 108 120 137 137 222 238 238 259 505 505 824 963
 109 110 138 111 138 138 206 250 456 456 458 497 497 552 552 557 622 654
 111 112 116 139 139 139 139 140 139 139 198 329 329 329 329 329 329 329 329 549 549 559 560 562
 111 113 117 140 111 118 140 204 205 251 471 480 550 550 554 554 593 607 608 652
 111 114 119 140 208 249 625 670
 111 115 120 141 141 141 207 252 490 555 555 668
 112 113 121 112 122 142 142 199 200 263 263 373 447 373 373 386 386 447 450 765 765 782 802 975
 112 114 123 116 119 123 124 124 203 217 233 451 451 451 451 833 833 1034
 113 115 115 121 122 211 213 264 264 445 446 446 880 993 1017 1017
 113 142 209 265 265 483 514 636 638 636 654 972 972 972
 113 114 143 114 117 118 143 212 215 260 471 484 516 516 516 516 774 782 782 846 926 937
 117 120 121 123 219 219 235 447 447 454 973 973 1086 1091
 117 119 142 142 218 237 255 791 791 829 865
 118 119 143 223 256 814 943
 125 126 139 267 267 267 270 272 312 312 312 312 312 312 312 312 312 312 312 312 312 312 312 312 531 542
 125 127 141 270 270 528 528 528 528 528 587 528 528 528 528 528
 125 128 268 138 304 304 304 305 304 530 530 537 537 586 700
 125 129 140 125 269 125 130 268 269 305 306 306 308 308 529 529 535 581 689
 127 128 132 276 132 137 284 556 562 977
 128 129 133 273 128 134 274 133 133 134 135 133 273 283 477 479 479 482 482 577 579 579 605 609 661
 128 130 275 134 134 136 282 458 476 483 483 675 683 683 796 984
 129 135 142 142 274 287 477 592 597 600 775 777 895 895
 129 130 143 130 136 277 135 136 143 275 277 285 457 457 476 478 478 606 629 846 914 914 981
 135 136 138 138 138 140 282 285 457 457 458 552 552 557 630 645 795
 137 138 141 286 487 487 564 702
 140 142 140 143 142 143 283 287 548 550 618 548 548 548 548 548 592 602 609 782
 146 154 194 146 147 147 198 198 199 204 251 253 263 254 263 287 289 289 289 289 320 320 321 321 323 321 321 321 321 321 321 321 321 321 321 322 322 323 588 592 598 618 624 629 637 639
 146 148 195 148 199 152 357 388 415 388 388 388 388 388 388 388 415 498 520 520 618 640 998
 146 149 155 196 146 150 149 200 202 217 217 218 218 219 219 294 367 367 450 484 825 1015 1110 1110
 146 156 197 146 151 150 201 151 203 164 168 175 168 181 203 177 178 182 197 244 244 251 254 254 256 256 297 461 461 514 514 789 842 1013 1127
 147 148 204 153 469 515 515 591 591 591 591 591 591 641 642 641 645
 147 149 157 205 147 151 208 754 803 805
 147 150 158 206 147 207 463 493 588 604 620 765 765 778
 148 149 209 218 555 556 561
 148 150 210 148 211 219 480 481 651 653 998
 148 151 212 469 469 472 674 680 685
 149 150 152 214 149 213 152 155 220 423 446 446 825 897 906
 149 151 153 215 153 157 223 753 821 821 859
 150 216 153 153 222 158 461 517 518 518 758 764 764 764 784 900
 152 224 152 153 153 154 378 379 379 379 379 379 379 379 379 379 379 379 379 379 379 379 379 382 435 758 907 764 766 766 845 893 907 980
 154 225 224 225 300 300 300 300 328 328 335 335 335 335 335 335 335 335 335 335 335 335 335 335 335 335 335 335 371 375 377 599 694 709
 154 155 226 158 220 222 232 232 299 373 373 373 385 385 422 427 895 895 916 909 945
 154 154 156 227 155 157 157 171 174 183 201 223 233 233 244 244 361 364 361 364 417 752 752 786 786 807 807 814 817 843 843 847 850
 154 228 156 158 187 188 190 190 254 374 375 375 394 378 381 378 378 394 394 394 394 394 394 394 439 455 455 493 509 512 512 517 842 844 879 879 881 892 892 920
 155 230 217 239 234 239 239 296 408 1135
 155 156 229 176 181 192 229 256 256 417 439 422 422 430 440 464 516 516 789 1143
 155 231 156 157 158 157 158 185 186 193 235 236 236 260 421 428 421 428 428 428 752 752 817 844 857
 156 160 168 163 172 163 455 455 495 1145
 157 237 751 751 751 809
 158 238 512 763 763 763 763 763 763 763 763 763 883 891
 159 160 166 159 173 159 162 159 160 162 170 192 193 227 228 259 297 302 302 363 381 363 430 364 364 365 365 424 426 426 426 426 430 442 476 514 514 632 968 1093
 159 161 178 159 182 159 163 159 161 163 176 176 180 188 223 186 189 189 231 807 892 892 965
 160 164 160 161 171 190 229 231 302 462 466 519 1045
 160 165 161 169 161 177 221 298 370 438 381 462 464 464 470 495 495 495 495 495 495 632 1061
 161 162 179 162 184 191 508 519 521 521 522 522 522 522 522 522 934 1100
 161 180 161 181 162 183 162 163 185 163 188 933
 164 169 194 241 241 275 279 293 297 302 298 298 302 303 303 303 303 319 319 319 319 322 332 322 381 322 322 323 323 332 332 332 332 332 383 456 457 472 485 623 632 722 743
 164 167 170 176 202 196 242 356 368 356 356 356 368 369 369 380 444 473 515 515 621 1096
 164 165 171 165 177 198 194 240 198 200 205 240 240 240 283 320 323 320 320 320 323 333 333 333 333 480 593 621 632 649
 164 166 173 195 179 200 195 242 253 283 284 284 307 307 307 307 357 357 383 392 392 392 392 442 468 472 472 479 479 481 485 485 520 520 520 520 623 632 1069 1084 1084
 164 174 196 166 178 199 199 203 212 219 200 203 215 222 235 219 243 243 253 255 255 276 276 293 294 482 482 518 518 518 518 774 941 996 1052
 165 166 182 204 165 183 205 249 249 251 470 480 514 514 598 598 773 783 785 924
 165 167 184 206 165 185 207 250 250 252 252 461 463 461 473 473 492 596 651 651 662 1020
 165 168 186 208 251 786 786 948
 166 167 210 173 174 205 207 213 210 247 213 235 279 414 414 414 414 434 434 437 434 434 442 477 480 593 612 613 620 620 656 656 870 975 1078
 166 209 255 483 483 485 656 683 686
 166 211 167 214 178 179 257 257 1097
 166 168 212 168 215 182 183 256 256 260 470 484 498 498 498 498 517 517 841 848 841 844 919
 167 188 216 259 464 517 517 521 523 523 523 870 930
 169 170 180 189 205 227 245 245 362 362 628 628 628 628 628 628 1089
 169 171 177 190 190 225 198 198 201 206 225 225 226 225 241 241 285 319 370 319 372 319 319 320 320 320 320 328 328 328 328 328 328 328 328 332 332 332 332 332 332 370 372 380 381 456 457 593 612 616 650 677 697 721 741
 169 173 178 188 204 245 226 245 245 246 247 279 245 246 253 259 285 286 286 297 298 298 299 299 302 302 309 309 309 309 457 457 515 515 515 515 613 632 1004 1126
 169 174 179 188 224 206 246 221 222 224 228 246 286 286 371 371 442 381 382 382 462 466 466 488 488 523 523 523 523 523 523 604 604 613 774 785 915 915 955
 169 175 181 191 191 228 207 246 246 254 254 258 258 259 298 298 372 372 443 374 374 381 471 478 478 486 486 509 620 620 624 870 874 874 991 1077
 170 171 184 192 200 232 232 234 234 235 242 253 262 262 262 262 294 301 301 301 301 344 344 344 344 344 344 344 344 346 597 350 350 357 385 357 365 376 365 376 383 385 719 385 385 430 430 437 482 482 597 631 719 934 998 1019
 170 175 187 192 213 247 254 266 266 266 266 266 266 266 266 299 336 339 554 336 348 336 550 336 339 339 339 346 351 348 351 403 608 550 554 607 1128
 170 174 176 177 185 217 176 179 220 192 214 217 220 226 247 249 249 365 366 365 366 382 366 366 382 417 427 433 433 438 438 612 616 783 937 1102
 171 173 182 187 199 242 263 263 287 357 375 387 414 358 358 358 358 358 358 375 383 387 387 387 414 443 498 498 588 601 592 604 606 613 762 762 870 929
 171 175 186 193 202 233 233 235 237 237 243 243 260 263 263 263 263 293 361 367 361 367 450 754 754 754 754 785 791 791 791 791 811 824 831 846 871
 173 175 182 184 211 235 247 251 252 264 252 264 264 264 295 415 415 415 415 415 415 415 415 435 435 437 443 467 467 481 606 607 651 651 662 680 680 680 680 880 880 994 994 1018
 174 175 183 185 216 248 248 248 248 417 421 421 429 429 450 753 764 753 753 753 764 764 764 764 764 784 820 820 835 856 856
 177 179 183 187 224 250 250 254 374 377 377 377 377 382 436 465 465 496 517 677 677 889 923 938
 177 181 186 193 217 217 223 222 227 251 253 297 364 364 417 470 814 939 1059 1059
 178 181 219 182 185 219 231 260 903
 179 180 221 259 1075
 179 181 222 183 184 221 258 258 261 261 465 465 474 508 509 508 519 519 890 950 950 998
 182 186 218 237 255 265 265 265 265 808 820 860
 183 186 223 260 807 896
 184 186 187 193 220 257 257 264 264 423 425 425 425 425 811 887 935
 184 185 188 191 191 222 238 238 259 261 261 474 509 518 518 518 518 521 521 891 891 934 994 994 1007
 190 191 193 232 232 236 238 238 253 302 385 385 385 385 424 431 460 855 855 941 1009
 192 193 232 233 239 234 239 239 239 239 239 255 261 262 262 293 349 349 399 796 423 423 726 726 1028
 194 198 225 267 240 241 267 267 267 288 267 267 268 267 267 269 271 267 288 288 288 288 288 288 288 288 288 288 290 288 303 311 311 311 311 311 311 311 311 311 311 311 311 311 311 311 311 313 313 313 313 313 313 313 313 313 313 313 313 314 314 314 314 314 314 314 314 314 314 314 314 331 535 536 539 545
 194 195 199 268 195 204 224 268 289 289 289 291 294 289 295 291 299 322 322 324 324 324 324 324 324 324 324 534 534 600 604 635 643
 194 196 200 226 206 271 268 268 271 271 274 279 271 323 323 479 485 534 544 544 544 544 544 665
 194 201 269 196 205 269 290 290 290 293 296 290 296 297 322 322 333 333 333 333 538 538 538 538 719 720 741 744
 194 197 202 227 208 272 269 269 272 272 276 280 272 280 724
 194 203 228 270 197 207 241 242 245 241 245 270 270 270 308 308 309 309 317 317 317 317 549 549 725
 195 196 209 273 195 210 274 209 210 214 273 294 480 481 499 499 520 520 520 520 577 648 666 666 957
 195 197 211 275 195 212 276 221 295 1070
 196 214 230 230 274 296 484 499 500 500 500 500 500 500 519 605 1011
 196 215 231 197 216 277 276 277 297 932
 198 203 208 233 217 249 272 272 290 290 290 290 330 330 330 330 330 330 330 330 625 704
 199 200 209 209 211 213 273 291 273 291 357 377 359 359 377 377 377 414 414 481 483 483 598 619 634 666 666 986 986
 199 202 211 218 218 220 274 291 291 366 447 447 775 801 824
 200 202 213 220 234 234 274 292 292 292 292 306 306 336 367 336 367 406 423 553 553 605 898 992
 200 201 214 221 226 230 229 229 230 230 230 231 275 283 293 372 372 380 383 438 438 459 476 459 464 464 470 484 519 519 621 623 1062 1062 1068
 201 202 216 223 236 227 236 231 237 237 277 277 287 287 293 362 362 429 362 362 429 807 818 848 875
 204 205 209 278 209 212 215 278 278 278 283 294 472 472 499 499 515 515 515 515 613 616 619 619 646 647
 204 206 210 279 210 211 216 282 282 295 459 460 459 460 477 481 613 650 650 917 986 986
 204 207 211 219 284 219 222 279 284 295 467 467 468 477 481 485 485 624 975 999
 204 208 212 280 218 218 223 280 283 294 824 826 826 953
 205 206 214 221 285 231 279 297 459 466 459 464 464 466 476 480 612 616 1006
 205 208 215 237 223 287 237 280 280 287 296 296 807 818 851
 206 207 216 238 281 222 286 238 281 281 281 286 298 298 456 456 460 468 460 488 488 613 624 916 916 931
 213 214 216 224 226 282 282 299 376 377 377 377 377 382 434 434 459 459 517 650 650 914 916 922 957
 220 221 223 224 227 285 299 366 426 426 826 826 915 927
 226 227 229 234 234 236 283 301 301 308 346 364 364 431 508 584 584 623 1065
 226 228 231 235 238 238 253 257 257 259 284 284 295 302 302 376 376 381 389 389 389 389 389 389 389 389 437 462 468 476 481 485 485 521 521 941 968 1084 1084 1101
 240 243 251 269 240 244 289 289 290 290 294 323 533 533 533 533 533 533 533 533 599 728
 241 243 246 253 271 271 277 281 281 289 289 303 295 303 319 324 371 319 319 319 323 324 324 324 324 324 324 324 389 389 392 624 631 734
 241 244 254 246 299 300 300 300 300 300 300 300 300 320 375 321 321 321 321 321 321 328 328 387 394 394 588 592 601 604 748
 242 243 247 255 274 243 257 255 257 291 291 291 293 305 291 294 295 305 359 359 359 359 371 371 383 437 467 467 481 577 600 600 608 613 646 683 683 683 683 785 962
 242 244 256 275 244 258 247 256 258 293 296 299 296 297 299 308 308 357 357 370 370 380 439 463 480 584 584 584 584 593 606 616 629 674 674 844 1094
 243 244 248 260 277 248 362 364 362 367 428 428 626 808 626 626 626 626 626 784 808 821 821 836
 246 248 261 281 360 369 453 487 487 487 591 591 591 591 591 591 753 795 1107
 247 248 282 248 249 250 413 413 418 427 552 552 564 564 564 564 564 564 645 654 820 1023
 249 251 255 283 249 256 255 256 260 294 296 296 480 484 482 482 618 618 773 843 843 910 945
 250 251 257 285 250 258 257 258 260 295 297 462 471 474 481 606 677 677 918 944
 250 252 259 286 261 298 298 458 468 469 469 486 655 680 680 1030
 251 260 265 287 265 265 265 294 482 498 498 514 626 626 626 626 626 626 784 800 845
 253 254 260 261 261 264 264 295 299 374 376 388 388 388 388 388 388 388 388 388 388 388 388 388 388 388 388 435 469 469 481 884 891 898 944 998
 262 263 264 262 266 266 291 292 292 338 343 338 338 343 343 343 344 344 348 355 355 355 355 359 359 388 388 388 388 576 576 707 988 989
 263 265 264 265 291 358 379 359 379 379 379 379 379 379 379 415 415 590 636 626 627 636 641 641 770 771
 268 273 282 529 563
 268 269 274 283 268 275 269 285 534 534 695
 268 270 276 284 303 270 286 303 303 307 303 309 305 307 309 529 562 575 575 705
 269 277 287 538 730
 273 274 304 304 304 304 304 304 306 482 483 552 569 569 583 583 633
 273 275 305 458 479 578 578 684 578 580
 273 276 278 279 278 305 307 307 672
 274 275 277 282 277 282 308 283 285 305 305 308 457 457 476 477 577 609 631 646 954
 278 280 306 716 737
 279 281 282 281 284 286 309 309 1035
 283 287 306 306 548 553 548 548 619 895 914 921
 285 287 308 478 584 592 601 779
 288 289 300 311 311 543
 291 292 304 304 304 342 342 342 342 359 410 569 569 570 590 591 768
 292 293 299 292 301 301 305 306 337 343 343 343 343 343 343 343 343 351 376 383 469 553 553 575 575 575 575 577 580 887 1047
 294 296 306 306 499 553 553 855 905 906
 294 297 307 295 308 307 460 472 466 472 520 520 631 1002
 295 298 309 1132
 301 302 307 520 522 1105
 310 311 315 310 310 312 316 310 310 310 310 310 310 310 310 310 310 310 310 310 311 311 311 312 312 325 312 312 312 312 312 312 312 312 312 312 312 312 312 334 530
 311 317 311 312 318 311 311 312 313 326 312 312 312 312 312 312 312 312 312 312 312 312 312 312 312 312 312 312 312 312 312 312 313 313 329 330 529
 311 313 319 311 320 311 314 322 311 323 311 311 311 311 311 311 311 311 311 311 311 311 313 328 313 313 313 313 313 313 313 313 313 313 314 314 314 314 314 534 538
 311 321 311 311 324 311 335 533
 312 327 312 528 528
 314 332 314 333 314 314 544
 315 317 528 315 317 341 413 528 528 528 528 528 528 529 555 528 528 528 528 528 528 528 528 528 528 528 528 528 528 528 528 528 528 528 528 528 528 528
 315 316 318 336 315 315 315 316 316 316 317 318 356 317 317 317 318 318 320 323 336 344 356 344 353 356 365 356 357 414 414 538 577 651 651
 315 338 315 315 315 316 344 316 348 316 316 321 324 321 324 324 324 338 344 358 359 410 410 415 415 533 576 533 533 533 644 644
 315 321 340 340 358 340 343 354
 315 322 315 343 339 357 343 343 343 529 529 578 680 578 578
 315 324 342 324 342 359 342 343 355 530 530 530 569 641
 316 325 345 316 321 321 321 325 325 325 325 325 345 348 352 354 355 636 641
 316 327 347 316 318 327 318 327 384 327 327 327 327 327 327 330 327 327 327 327 327 327 327 327 327 327 327 327 327 327 327 329 329 330 384 413 413 555 556 555 556
 316 349 316 319 326 326 330 330 330 330 365 452 452 680 683
 317 320 357 317 321 358 317 317 320 322 374 321 322 378 321 321 358 514 515 515 547 547 548 548 584 584 589 620 628 628 628 628
 317 324 359 317 317 317 322 322 324 382 323 324 323 324 324 324 324 324 357 376 359 481 482 515 515 520 520 520 520 529 529 529 529 534 534 553 553 554 577 613
 318 319 326 360 318 321 361 318 362 318 319 321 328 319 319 321 321 321 321 326 326 326 328 360 362 364 369 374 376 385 393 606 613 733 737
 318 324 366 318 367 318 369 318 320 324 323 324 324 385 386 481 597 620
 320 321 329 373 321 329 386 329 329 329 329 329 329 393 547 547 548 548 550 554
 320 377 324 324 331 331 387 392 598 619
 321 379 324 388 388 591 591 626
 322 323 380 322 333 323 331 331 331 331 333 333 333 383 472 479 480 499 499 534 534 535 535 605 616 666 677
 323 330 330 330 330 330 330 330 330 364 367 482 514 533 533 533 533 538 614 726 737
 325 326 334 325 325 325 325 325 326 328 391 329 329 329 329 334 334 334 334 334 336 336 339 349 353 391 557
 325 327 325 326 327 326 327 390 327 327 327 327 327 327 327 327 327 327 327 327 327 334 334 341 341 347 390 564 564
 326 328 335 326 326 326 328 335 335 335 335 335 335 335 335 335 335 335 361 366 373 378 382 614 688
 334 334 335 334 334 334 334 335 335 335 335 335 338 338 340 340 342 340 342 342 352 568 568 568
 335 379 706
 336 345 547 336 345 346 345 345 345 345 345 345 396 396 398 507 547 547 548 592 548 548 588 765
 336 337 346 360 336 337 370 360 370 360 360 368 368 405 421 422 436 456 456 461 510 547 547 547 547 547 547 549 549 593
 336 338 347 336 338 347 614 347 347 366 366 373 373 400 400 407 407 446 446 614 976 976
 336 340 361 404 337 340 409 340 340 340 340 340 340 340 340 340 340 375
 336 362 548 336 363 549 337 337 346 593 362 362 362 363 372 372 398 416 416 434 426 426 434 457 457 475 548 548 548 548 548 549 874
 336 349 336 337 350 337 338 338 338 338 338 338 349 599 349 349 350 361 366 361 366 371 371 401 412 403 412 412 412 425 425 425 425 435 599 614 614 830 830 830 830 869
 336 341 365 336 341 341 341 348 613 348 365 374 376 399 399 401 406 413 413 413 413 450 606 973
 336 342 366 552 342 342 342 377 377 407 552 764
 338 352 338 340 338 340 340 379 340 352 352 352 379 379 379 402 402 402 402 402 402 706 706 706 706 769 769 769 769
 338 341 338 341 341 341 353 353 378 382 401 407 407 446 446 688 976 976
 338 342 342 342 342 379 379 568 568 769 769
 339 340 373 340 378 340 340 340 341 340 411
 339 354 374 341 354 354 354 411 445 502 502 555 680 555 680
 339 341 355 376 355 355 355 412 423 556 683 556 683 754
 339 342 341 342 342 382 342 342 342 366 412 557 564 564 564 753
 344 347 384 344 347 356 384 356 367 367 384 384 386 386 420 447 447 726 726 1017 1017
 345 347 395 345 349 345 345 347 349 360 360 362 362 395 395 397 395 754 395 395 399 399 791 452 452 452 452 502 502 754 791
 346 347 397 346 347 347 347 625 347 347 347 347 350 350 363 419 363 368 368 397 397 397 419 419 427 427 433 441 433 441 501 501 625 825 825 826 826
 346 349 350 399 349 408 349 349 350 361 373 361 370 370 372 373 433 372 440 373 373 373 373 399 408 408 408 416 417 416 433 416 416 421 421 424 440 509 625 773 774 842
 346 351 351 366 366 377 377 377 377 398 406 418 418 438 429 429 438 496 596 609 889 914 916
 346 366 366 399 399 417 427 459 465 593
 347 352 390 347 349 349 352 352 352 361 361 390 390 390 390 390 390 390 390 390 390 390 391 391 391 391 395 395 395 395 753 395 395 400 395 395 395 395 395 395 400 400 400 401 401 411 411 412 412 753 808 808
 347 348 353 347 347 347 348 353 364 364 365 365 369 369 384 385 384 384 384 384 384 384 384 385 393 393 397 397 400 400 400 824 400 406 406 420 420 420 420 423 423 445 445 450 450 733 733 737 737 811 811 824 973 973
 350 352 352 352 352 373 373 375 373 391 391 391 391 391 391 391 391 396 396 401 396 396 401 403 404 407 404 404 407 407 758 845
 357 358 373 386 413 358 386 413 445 514 548 548 589 620
 357 359 359 366 367 367 413 413 423 481 482 554 556 556 556 556 577 824
 360 361 416 360 448 504 526 526 526 526 526 526 526 526 526 526 526 526 751 751 751 751 751 751 752
 360 366 371 417 360 368 372 360 360 366 368 371 372 441 456 456 462 465 465 504 504 505 505 509 588 588 754 754 774 825
 361 362 421 362 751 751 751 751 751 751 751 751 751 751 751 751 807
 361 363 422 370 434 375 375 455 752 752 807 841 841
 361 379 425 366 371 375 379 435 379 379 379 379 379 379 379 379 379 379 425 446 753 753 758 808 808 845
 361 426 368 372 375 375 436 449 504 504 523 523 523 807 841
 362 363 427 362 366 362 362 363 366 370 370 371 371 424 457 457 459 459 462 592 592 773 774 791 791 791 791 807 814 826 826
 363 364 363 367 383 431 364 367 380 418 418 431 471 477 484 629 811 631 813 813 818 826 826 957
 364 366 364 376 382 416 423 416 516 516 519 519 606 807 811 895 895
 366 369 369 374 382 421 445 504 504 518 518 519 519 613 757 757 824
 368 369 369 381 429 454 474 505 505 521 624 831 950
 373 374 378 445 393 393 448 448 516 516 527 527 527 527 527 527 971 971 985 985
 373 376 378 385 385 421 423 518 518 763 763 763 763 763 763 763 763 763 763 763 763 855 855 971 971
 373 377 379 446 379 764 972 972
 385 388 388 389 394 425 428 891
 386 388 387 388 388 388 392 393 446 453 453 782 898
 395 395 751 525 526 525 525 526 526 751 751
 395 396 395 395 395 752 395 395 395 395 395 395 395 395 396 396 396 397 399 397 399 400 400 401 400 400 401 408 408 408 408 416 416 421 421 448 448 451 451 451 451 504 504 752 807 807
 396 404 396 404 405 512 524 524 524 524 524 524 527 527 527 879
 396 406 396 407 407 527 527 527 757 895 763 763 763 763 763 763
 397 398 786 397 397 397 398 400 403 400 400 400 400 400 400 400 403 405 405 417 417 419 419 422 419 422 424 424 426 426 440 440 449 449 503 503 505 505 786 814 814 833 833
 398 399 773 774 399 401 407 403 407 407 407 407 407 412 412 412 412 421 421 427 433 433 434 434 436 833
 398 404 409 404 409 421 422 436 461 511 511 527 527 527 527 527 527 874
 398 399 399 405 424 425 425 446 425 425 441 446 462 510 874
 400 402 830 402 404 404 425 425 830
 401 401 433 440 451 451 451 451 523 841
 401 402 411 402 403 402 976 402 402 402 402 402 402 402 402 402 404 404 409 409 411 411 411 435 446 446 869 976
 401 403 404 404 404 404 404 404 405 408 408 408 408 411 411 411 411 436 440 440 441 448 448 448 448 455 455 503 509 842
 404 405 404 409 409 448 448 449 449 455 455 475 510 511 511 524 524 524 524 524 524 524 524 524 524 524 524
 406 407 407 410 410 410 410 413 413 414 414 447 447 482 547 547 589 597
 406 408 408 446 446 450 519 855 985
 411 448 525 502 525 525 525 525 525 525 525 525 525 525 525 525 525 525 525 525 525 525 525 525 525 525 525 525 525 525 525 525 525
 411 412 421 526 526 526 526 526 526 526 526 526 526 526 526 754
 412 416 751 751 751 791
 413 446 413 415 447 414 414 415 415 415 446 447 450 481 514 550 555 555 555 555 651 651 1017 1017
 416 425 435 416 426 436 417 425 425 426 425 462 475 509 807 814 879 879
 417 441 451 451 451 451 461 475 503 830 976 830 830 830 833 976
 417 418 442 418 443 422 422 432 432 450 460 460 470 463 492 824 975 825 831 938 1046 1046
 419 430 444 419 431 1059 419 432 420 420 420 420 430 431 432 444 454 454 506 506 1059 1110 1110 1138 1138
 421 422 427 434 434 435 446 446 459 459 461 754 754 765 765 773 825
 421 425 422 425 424 425 425 435 455 455 461 462 512 512 752 752 786 786 842
 423 424 423 427 428 431 428 428 428 431 437 439 463 474 476 786 786 805 805 811 817 937 944 945
 424 426 426 429 432 439 464 478 478 513 814 818 942
 424 452 427 452 452 452 452 452 452 452 456 614 625 457 614
 427 432 429 437 447 447 473 477 783 824 829 829 986
 435 436 441 446 446 448 448 449 449 465 465 475 501 501 502 502 502 502 507 507 842
 441 442 443 445 445 450 453 453 454 453 453 454 468 471 490 490 501 508 501 508 934 991 998 1017 1017 1021 1021
 450 451 451 516 518 973 976 976
 456 461 512 588 765
 456 457 459 459 462 593
 456 458 456 458 463 473 464 474 513 596 608 986
 457 592
 457 458 457 458 476 478 477 478 607 609 944
 459 463 467 477 480 481 645 645 654 654 784
 460 461 469 460 463 468 469 493 517 518 518 880 891 916 998
 460 462 471 466 474 478 497 497 519 784 795 795 856
 461 462 465 465 475 510 874
 468 473 494 521 1091
 469 470 475 469 471 496 508 508 516 516 517 887 898 915 938
 470 472 484 485 721 741
 471 472 498 498 514 601 677 782
 475 507 879
 476 479 719
 477 479 482 483 483 600 666 914
 480 482 483 483 484 498 499 498 499 514 618 619 775 906 957
 480 485 515 517 515 598 604 650
 481 482 514 519 520 520 584 597 855
 481 515 518 620
 482 553 895
 486 489 489 490 502
 486 487 490 487 487 488 487 487 487 488 497 497 504 505 505 753 759 759
 486 488 491 495 486 491 492 495 496 495 495 495 495 496 509 513 510 510 513
 486 492 486 488 488 494 493 493 494 494 509 513 523 523 523 869 869 928 928
 488 493 512 758 766 766 766
 489 491 496 489 492 489 489 491 493 507 507 511 511 511
 490 491 490 491 494 492 494 494 501 506 503 503 506 506 506 506
 490 492 490 493 496 501 501 503 928 928 976 976
 492 497 493 496 497 497 497 509 510 512 512 513 513 758 888 759 759 764 764 764 888 888 888
 496 507 527 527 527 764 766 888 888
 499 500 520 583 583
 501 502 507 501 510 502 503 502 502 507 509 869 976 976
 501 504 505 509 504 523 523 523 753 753 758 758
 502 504 526 526 526 526 526 526 753
 503 504 504 505 505 512 509 510 512 830 869 830 830 830
 503 511
 505 506 513
 507 510 511 511 512 524 524 524 524 524 524 527 527 527
 514 515 516 550 554
 524
 527 547
 548
