 1 5 3 3 3 3 3 4 3 3 3 4 5 5 5 10 10 13 17 19 17 17 18 18 18 19 19 24 24 24 32 32 32 40 40 40 49 49 49 52 52 60 60 60 69 69 69 80 80 80 80 80 80 80 80 80 80 80 80 80 80 80 80 84 84 84 87 88 92 102 104 109 113 117 118 119 154 158
 1 1 2 1 1 2 4 4 4 4 6 6 6 7 6 7 8 8 8 8 9 9 9 9 11 11 11 11 16 16 16 16 28 28 28 29 29 29 30 30 30 33 33 34 46 33 34 34 34 34 35 34 35 35 36 36 36 36 36 36 42 42 42 45 45 45 46 46 56 56 56 62 62 62 64 64 64 66 66 66 72 72 72 99 99 99 139 139 139 162 163 167 169 172 177 181 195 196 198 200 201
 1 1 2 2 2 7 2 7 13 22 7 8 14 8 8 12 12 12 13 13 13 13 13 14 14 15 53 15 15 22 22 22 26 48 26 26 26 38 38 38 38 48 48 48 53 53 53 57 57 57 57 58 58 58 58 63 63 63 63 67 67 67 67 70 70 70 76 76 76 76 77 77 77 77 78 78 78 81 81 81 81 81 81 81 81 81 81 81 81 82 82 82 82 128 128 128 128 129 132 138 138 138 138 140 140 140 140 147 149 151 171 175 176 212 213 217
 2 9 9 14 14 14 14 16 16 29 29 37 29 37 37 55 55 55 59 59 59 59 59 59 59 59 59 65 65 65 83 83 83 205 206 208 210
 4 6 17 6 8 10 20 10 10 15 17 17 21 17 20 17 17 20 20 20 20 21 20 20 23 23 31 28 31 28 30 30 31 31 32 32 41 41 43 43 51 51 54 54 73 73 73 73 75 75 75 75 100 112 130 143 148 152 183
 4 7 18 14 18 18 22 18 18 18 21 21 22 22 22 25 25 33 29 33 29 54 54 61 61 68 68 79 79 141 144 197
 5 6 11 19 5 7 5 5 19 19 19 27 27 27 33 27 27 27 31 31 33 36 36 41 41 44 44 71 71 71 71 71 71 89 89 91 106 111 116
 6 9 12 21 7 9 12 15 15 21 26 21 21 26 37 26 26 28 28 35 35 37 37 37 38 38 39 39 39 39 42 42 47 47 47 47 55 55 61 61 62 62 74 74 74 74 124 136 142 173 207
 10 11 23 10 10 12 11 24 23 43 23 40 23 24 24 24 40 43 41 41 42 42 44 44 50 50 50 50 61 61 64 64 68 68 89 89 89 89 97 105 135 139 139 146
 11 12 25 12 25 25 46 25 45 45 46 47 47 48 48 65 65 77 77 79 79 99 99 125 164 178
 15 16 30 55 15 16 30 54 39 39 54 54 54 55 56 56 57 57 58 58 58 58 66 66 68 68 83 83 83 83 131 139 139 185
 19 20 23 22 34 50 108 122
 19 21 25 27 26 27 27 46 35 43 51 53 60 60 60 98 110 121
 23 24 44 23 25 24 25 45 52 52 52 70 84 95
 28 31 35 36 43 39 39 47 43 73 73 115 145 187
 28 29 30 38 57 64 174
 30 39 56 75 75 153
 31 32 44 31 34 40 32 33 32 34 32 35 38 41 40 56 57 62 66 107 182 184
 33 35 37 37 48 38 46 53 53 53 55 53 63 63 65 72 165 199
 40 41 44 49 40 46 48 49 49 49 72 76 84 84 90 140 191
 41 45 47 42 43 44 51 43 46 47 51 51 51 72 74 74 96 126
 42 45 48 76 128 166
 44 45 50 49 50 52 49 51 50 50 51 52 52 78 79 79 86 160
 52 85
 54 56 58 69 69 69 82 150
 55 56 57 67 67 82 82 186
 60 61 62 60 71 60 63 71 72 73 71 77 79 99 101 114
 61 64 70 72 61 65 70 77 77 78 78 127 128 140
 62 64 66 73 73 74 75 75 137
 62 63 65 63 67 66 67 76 138 138 140 202
 64 65 68 74 68 70 70 76 155
 66 67 68 69 75 69 69 157
 70 78 156
 72 74 76 78 79 78 79 159
 82 82 83 83
