 1 88 1 6 6 29 29 88 88 88 88 88 88 88 88 88 88 88 88 88 88 88 88 88 88 88 88 88 88 88 88 88 88 88 88 88 88 88 88 88 88 88 88 88 88 88 88 88 88 88 88 88 88 88 88 88 88 88 88 88 88 88 88 88 88 88 88 88 88 88 88 88 88 88 88 88 88 88 88 88 88 88 88 88 88 88 88 88 88 88 88 88 88 88 88 88 312 315
 1 2 1 1 3 1 1 1 26 29 64 172 64 64 64 164 172 313 313 313
 1 4 1 5 1 1 1 1 1 1 311 311 313 313 328
 2 2 9 9 24 25 62 70 133 62 62 62 62 62 62 62 62 62 62 62 62 62 62 62 62 62 62 62 62 62 62 62 62 62 62 62 140 62 62 62 62 62 62 62 62 70 70 70 71 71 129 133 133 135 140 140 462 462 462
 2 3 2 3 10 27 28 66 71 66 66 66 66 66 66 66 71 90 90 90 90 184 194 195 337 337 401
 2 7 3 7 7 7 7 7 7 15 7 7 16 7 7 7 10 10 65 206 67 67 77 77 77 77 93 93 93 93 206 264 266 317 365
 2 4 8 2 4 11 4 8 11 8 8 18 8 8 19 63 145 63 63 63 63 63 63 63 65 65 76 76 145 160 160 239 239 275 282 368
 2 5 2 8 8 8 8 22 8 8 23 12 65 208 65 67 67 67 67 76 76 208 252 260 318 379 380 380
 2 2 2 2 5 12 5 13 66 66 66 66 66 66 66 66 66 66 66 66 66 66 66 66 71 71 71 71 94 191 197 198 336 336 339 339 339 339 395
 2 6 2 6 6 13 64 170 64 64 64 64 174 64 64 64 170 314 314 314 314
 3 330 3 9 9 9 10 9 10 330 330 330 330 330 337 398 401 405 462 462
 3 4 3 4 4 14 12 94 94 316 316 319 341 341 341 341 359 359 422 430
 3 5 3 3 3 5 11 11 12 15 15 317 317 318 331 331 331 331 368 375 375 380 380 437 454
 3 3 5 13 14 90 329 90 90 90 329 329 329 329 329 329 329 329 329 329 329 329 329 329 329 336 336 339 339 357 360 362
 3 6 3 6 6 16 13 16 311 311 311 311 311 311 314 314 314 314 326
 4 5 17 4 18 4 17 95 95 226 226 226 226 235 291 291 319 341 341 341 341 433
 4 6 19 156 156 156 156 313 313 325
 4 23 6 89 311 89 89 89 89 89 89 89 89 89 89 89 311 311 311 334 334 340 340 346
 4 20 91 91 91 91 91 91 91 91 323 323 359 464 464 464 464 464 464 465
 4 21 4 22 4 5 21 83 83 160 163 163 163 163 275 280 377
 5 5 18 24 24 128 134 128 128 128 128 128 128 128 128 128 128 128 134 134 134 235 241 243 336
 5 6 6 25 6 19 25 64 64 64 64 64 64 64 64 314 314 314 314 340 340 342
 5 20 26 26 329 335 329 339 329 329 329 329 329 329 335 335 335 339 355 358 359
 5 5 22 27 27 318 331 331 377 403 403 403 403 438 457
 5 6 6 6 23 28 28 311 311 311 311 311 311 314 314 314 314 327
 7 8 14 7 7 7 73 285 73 79 79 285 285 285 309 351
 8 17 8 20 72 72 79 72 72 73 79 272 277 277 277 277 307
 8 21 57 57 105 105 105 105 105 105 105 105 122 176
 9 11 9 215 223 239 215 215 215 367 367
 9 12 9 9 13 9 9 9 9 9 330 330 330 339 330 330 330 330 330 330 330 330 330 339 395 395 400 402 462 462 462 462
 10 393 446 498
 10 11 10 12 10 10 11 14 14 15 15 353 353 363 363 370 415 386 432 432 458 484
 10 10 13 10 10 12 14 14 16 16 16 16 316 316 321 316 316 321 321 321 338 338 338 338 356 395 395 401 401 425 425 427
 10 10 13 15 15 93 93 93 93 318 331 331 365 365 388 459 459 459
 11 12 17 11 18 17 17 30 17 30 200 200 227 254 254 254 254 295 363 363 381 415 478
 11 13 11 19 18 19 30 30 159 159 159 159 160 160 210 210 239 239 317 317 368 382 438 438
 11 20 20 31 31 31 31 272 276 276 285 285 285 285 294 378 378
 11 21 11 22 12 21 21 32 21 32 179 183 183 183 183 208 208 227 258 370 487 487
 11 11 23 13 22 23 32 32 96 96 445 96 96 318 332 332 332 332 332 332 332 332 368 379 408
 12 18 34 183 183 262 262 441 441 453 497
 12 13 18 22 23 23 25 25 25 25 33 33 33 33 45 65 65 65 65 67 239 67 67 67 67 67 67 67 74 74 74 74 213 239 318 318 371 371 377 380 380 408 448
 12 13 24 19 19 24 24 24 34 34 94 94 124 124 124 124 124 124 124 124 133 133 133 133 169 169 192 193 193 197
 12 20 20 26 26 35 35 316 316 323 323 323 323 323 323 341 341 341 341 360 395 395 418 418 429
 12 22 37 353 370 416 458 491
 12 13 22 28 28 36 36 36 36 317 317 318 331 331 331 331 366 373 373 379 380 380 456 456
 12 13 23 23 27 27 27 27 37 37 94 94 316 316 316 316 320 320 338 338 338 338 357 357 401 401 426 428
 13 25 25 34 66 66 66 66 66 66 66 66 70 70 70 70 70 70 70 70 193 336 336 399 402 406
 13 26 26 29 29 29 29 35 35 311 311 311 311 311 311 313 313 313 313 313 313 324
 13 28 28 37 329 329 336 329 337 329 329 329 329 329 329 329 329 329 329 329 329 329 336 337 337 337 356 361
 14 17 33 33 42 54 54 72 72 72 72 72 72 72 72 72 72 72 72 73 73 73 75 75 247 248 247 248 249 248 249 470
 14 15 18 14 15 30 30 34 34 178 188 207 207 251 251 251 251 364 364 416 490
 14 16 19 16 34 34 157 157 171 171 171 171 171 171 171 171 193 193 320 360 421 430
 14 20 35 35 91 319 91 91 91 91 91 91 91 91 91 91 91 91 91 91 91 91 91 91 91 91 91 91 91 355 360 466 466 471
 14 21 36 36 249 253 285 292 285 285 285 376
 14 22 14 15 15 32 32 37 37 351 351 352 432 352 352 352 354 354 372 374 374 412 415 432
 14 23 16 16 37 37 92 320 92 92 92 92 92 92 92 92 92 92 92 92 92 92 92 321 321 356 357 466 466 466 466 467
 15 24 30 93 93 126 220 127 177 177 229
 15 16 25 16 25 27 27 28 30 33 33 47 65 65 67 229 67 67 67 74 74 210 229 317 317 369 369 375 403 403 403 403 407 452
 15 26 31 31 31 31 35 84 84 84 84 161 163 163 264 271 365
 15 27 32 363 369 393 393 393 393 393 449 482
 15 28 16 16 32 36 36 96 96 411 317 332 332 332 332 373 375 443
 16 29 35 89 89 89 89 89 89 89 89 89 156 156 170 156 156 156 156 172 170 172 350
 17 18 38 17 39 38 38 38 38 38 106 236 106 106 106 106 106 106 106 113 113 113 113 118 118 118 118 118 118 236 289 301 303
 17 19 39 85 103 111 168 103 103 103 103 103 103 103 103 103 103 103 103 103 103 103 111 168 287 291
 17 20 40 17 21 20 21 40 212 247 251 247 249 251 253 277 277 277 277 277 277 277 277 293
 17 22 41 17 42 41 249 254 254 272 273 352 352 372 409
 17 23 42 85 92 92 92 92 92 92 92 92 289 306 306 306 320 469
 18 24 24 39 39 101 101 101 101 101 101 101 101 101 101 101 101 111 111 137 154 137 152 152 233
 18 19 25 19 43 25 39 39 43 43 43 56 71 111 56 56 56 56 56 56 56 56 56 56 56 56 56 56 56 56 56 56 56 56 56 56 56 56 56 56 56 56 56 56 56 61 61 61 61 61 61 61 61 71 111 111 111 169 169 233 235 237 243 245
 18 20 20 44 20 22 20 40 40 44 178 181 432 181 207 207 276 276 276 276 384 432 436 476
 18 21 21 45 21 22 21 41 41 41 41 145 145 146 146 146 146 179 188 227 279 481 481
 18 22 26 26 26 26 40 40 46 46 159 159 159 159 161 161 161 161 203 203 239 239 318 379 383 437
 18 27 22 27 27 27 42 42 45 200 200 227 263 263 295 370 416 455 486
 18 23 28 23 47 28 42 42 47 226 226 226 226 226 226 226 226 235 236 236 288 288 320 320 338 338 338 338 434 434 435
 19 20 20 23 44 44 157 171 157 171 171 171 171 171 171 171 186 186 321 321 355 355 423 423 424
 19 21 21 23 45 83 83 160 166 166 166 166 166 166 166 166 166 166 166 166 166 166 166 166 213 252 265
 19 22 19 28 28 45 47 47 159 159 159 159 160 160 213 229 229 229 229 318 377 385 437
 19 23 29 29 29 29 46 46 156 156 156 156 156 156 156 156 156 156 156 156 314 314 314 314 322
 22 24 24 45 126 126 127 127 190 190 225 239 380
 24 25 43 43 59 59 59 59 59 59 59 59 59 59 59 59 59 59 59 59 59 59 59 59 59 59 59 59 59 59 59 59 59 59 59 59 59 59 59 59 59 59 59 59 59 59 59 59 59 59 59 59 61 61 61 61 71 134 134 136 137 137 138 139 140 140
 24 26 24 27 26 27 44 46 124 124 124 124 133 133 168 168 186 194 196 401
 24 28 47 90 90 128 128 128 128 128 128 134 134 236 238 244
 25 26 26 28 44 48 48 48 66 69 66 70 66 66 66 66 66 66 69 69 69 69 69 69 69 69 69 69 69 70 70 70 186 335 335 335 335 337 337 392 396 398 404
 25 28 29 29 29 29 46 48 48 48 64 64 64 64 64 64 64 64 313 313 313 313 313 313 334 334 345
 30 33 38 38 38 43 43 44 50 57 77 57 57 57 57 57 58 58 58 58 58 58 77 77 77 110 110 110 110 177 177 185 214 261 270
 30 34 39 30 39 86 86 86 104 177 104 104 104 107 107 107 107 177 211 296
 30 31 40 31 31 44 31 31 32 31 31 31 146 149 146 149 185 206 206 209 209 257 474 474
 30 32 35 35 40 46 96 96 163 163 163 163 203 210 317 407 451
 30 36 41 32 36 41 47 181 183 183 230 363 369 439 485 485
 30 37 42 30 32 45 32 37 42 201 248 205 205 248 248 248 286 286 286 286 351 351 410 415 416
 32 33 41 63 67 63 144 144 158 158 158 158 158 158 199 199 347
 32 32 34 45 183 183 207 207 371 444 475
 33 34 33 34 39 43 43 43 45 43 51 51 51 57 57 57 57 57 57 57 57 57 57 57 57 58 58 58 58 58 58 58 58 58 58 58 58 76 76 107 107 107 107 179 190 190 211 256 267
 33 35 33 36 35 36 40 46 47 48 48 48 48 48 48 53 53 63 148 63 63 63 63 63 63 63 65 65 74 74 148 148 148 161 161 161 229 161 203 229 230 230 373 411 442
 33 37 33 37 42 73 78 73 73 73 73 73 75 78 78 78 286 286 352 352 352 354 354 468
 34 35 34 37 35 35 37 35 44 44 46 46 157 165 157 157 157 165 165 165 165 165 165 165 165 165 165 165 165 165 165 165 186 186 193 193 319 319 356 420 428
 34 36 34 36 36 37 36 37 45 47 47 178 188 209 209 209 209 253 253 384 415 455 472
 38 39 49 38 49 49 49 49 50 49 49 49 51 50 98 98 98 98 98 98 98 98 98 98 98 98 98 98 98 98 98 98 98 98 98 98 98 98 98 98 98 98 98 98 98 98 100 100 100 100 100 100 100 100 100 100 100 100 100 100 100 100 117 120
 38 40 50 38 38 41 84 84 84 84 108 108 108 108 110 110 214 269 274
 38 42 51 38 82 118 82 82 82 82 82 82 82 82 82 82 82 82 82 82 82 118 119 288 306 306 310
 39 43 43 49 49 49 49 49 49 55 55 55 55 55 55 55 55 55 55 55 55 55 55 55 55 55 55 55 55 55 55 55 55 55 55 55 55 55 55 55 55 55 55 55 55 55 55 55 55 55 55 55 55 55 55 55 55 100 100 100 100 100 100 100 100 100 100 100 100 114 115
 39 40 44 39 45 40 44 50 50 50 50 104 190 104 104 104 104 104 104 104 107 107 107 107 110 110 110 110 110 110 110 110 190 202 214 214 297 299 299
 39 41 41 45 51 51 51 83 83 107 107 108 108 108 108 108 108 108 108 202 256 281
 39 42 46 46 50 50 103 112 169 103 103 103 103 103 103 103 103 103 103 103 103 103 103 103 103 103 103 103 103 103 103 103 103 103 103 103 103 103 103 103 111 111 112 112 112 169 288 289 290
 39 47 42 47 51 51 51 85 85 106 113 235 106 106 106 106 106 106 106 113 113 113 119 119 119 302 304
 40 52 52 52 125 131 131 148 148 222 229
 40 41 53 41 146 181 230 450 482
 40 42 40 42 44 45 44 53 53 53 53 143 188 143 149 149 149 149 253 253 273 273 298 386 488
 41 42 54 41 45 54 54 54 201 247 273 247 263 248 248 272 413
 43 46 48 43 47 48 48 50 50 56 112 56 56 56 56 56 56 56 56 56 56 56 56 56 56 56 61 61 61 61 71 112 112 112 168 168 232 236 238 242 246
 44 46 52 52 52 52 52 52 124 124 132 132 132 132 132 132 186 337 391 396
 44 47 53 146 259 259 283 283 446 496
 45 46 46 53 53 142 148 142 142 142 142 142 142 142 148 148 148 160 160 213 387 456
 45 47 47 54 54 54 54 204 204 204 204 227 263 263 298 480
 48 52 62 69 132 62 62 62 69 69 69 132 132 460 461 463 463 463 463 463 463
 49 80 80 80 80 80 80 80 80 80 80 80 80 80 80 80 80 80 80 80 80 80 80 80 80 80 80 80 80 80 80 80 80 80 80 80 80 80 80 80 80 80 80 80 80 80 80 80 80 80 80 80 99 80 80 80 80 80 80 80 80 80 80 80 80 80 80 80 80 80 80 80 80 80 80 80 80 80 80 80 80 80 80 80 80 80 80 80 80 80 80 80 80 80 80 80 80 80 80 80 80 80 80 80 80 80 80 80 80 80 80 80 80 80 80 80 80 80 80 80 80 80 80 80 80 80 80 80 80 80 80 80 80 80 80 80 80 80 80 80 80 80 80 80 80 80 80 80 80 80 80 80 80 80 80 80 80 80 80 80 80 80 80 80 80 80 80 80 80 80 80 80 80 80 80 80 80 80 80 80 80 80 80 80 80 80 80 80 80 80 80 80 80 80
 49 51 81 81 81 81 81 81 81 81 81 81 81 81 81 81 81 81 81 81 81 81 81 81 81 81 81 81 81 81 81 81 98 114 98 98 98 98 98 98 98 121
 50 52 50 53 52 52 52 53 52 52 101 101 101 101 101 101 112 112 137 155 234 236
 50 51 50 51 51 54 53 53 53 54 53 54 54 102 113 102 102 102 102 102 102 102 102 102 102 102 102 102 102 102 113 113 113 119 119 119 152 152 284 284 303 305
 51 54 54 82 82 82 82 82 82 82 82 87 87 87 87 87 87 308 119 284
 55 80 80 98 80 80 80 80 80 80 80 80 80 80 80 80 80 80 80 80 80 80 80 80 80 80 80 80 80 80 80 80 80 80 80 80 80 80 80 80 80 80 80 80 80 80 80 80 80 80 80 80 80 80 80 80 80 80 80 80 80 80 80 80 80 80 80 80 80 80 80 80 80 80 80 80 80 80 80 80 80 80
 55 56 98 55 55 55 55 55 98 103 98 98 98 98 103 106
 55 57 55 58 55 55 55 55 55 55 55 55 55 55 55 55 55 55 55 55 55 55 55 55 55 55 55 55 55 55 55 55 55 55 58 98 104 98 98 98 98 98 98 98 98 98 98 98 98 98 98 98 98 98 98 98 98 98 98 98 100 100 100 100 104 107
 55 55 59 55 55 55 55 55 55 55 55 55 55 56 59 101
 55 55 55 55 55 55 55 55 55 55 55 55 55 55 55 55 57 81 81 81 81 81 81 81 81 81 81 108
 55 60 55 55 55 60 98 109 98 98 98 109
 55 61 55 55 55 55 55 55 55 55 55 55 55 55 55 55 55 55 55 55 55 55 55 55 55 61 100 100 100 100 100 100 100 100 100 100 100 100 111 113
 56 62 101 56 56 56 62 62 63 62 62 62 63 101 101 131 215 215
 56 57 63 56 56 108 56 56 56 56 56 57 57 57 57 57 63 67 101 101 101 101 101 101 108 108 108 124 124 146 146 163 166 166 166 166 183 183
 56 58 102 56 56 56 58 58 63 102 102 102 110 142 142 165 167 167 167 167 204 204 209
 56 64 103 56 103 156 103 103 156 156 226
 56 65 56 56 56 109 56 56 56 56 56 56 56 56 56 56 56 56 57 57 57 57 57 57 65 104 104 104 104 109 109 109 109 109 109 109 113 113 157 157 160 178 227
 56 59 56 59 59 59 64 64 128 128
 56 66 56 56 56 104 159 231
 56 56 56 56 57 57 57 59 59 59 59 59 59 59 59 59 59 59 59 59 59 59 59 59 59 59 59 59 59 59 59 66 66 67 124 124 126
 56 67 106 56 107 56 56 56 56 56 56 58 58 58 58 58 58 106 106 106 159 162 162 171 171 200 207
 56 60 68 56 56 70 56 56 61 56 56 56 60 60 60 60 60 60 60 60 60 60 60 61 68 70 107 107 160 228 239
 56 110 56 69 56 56 60 61 60 60 60 60 60 68 69 69 110 161 229 240
 57 58 72 57 58 60 60 60 60 60 60 60 60 72 72 72 79 102 102 102 102 102 102 102 102 118 143 247 251
 57 73 57 82 82 82 82 103 157 103 103 103 103 103 103 103 248
 57 74 57 57 57 57 61 57 57 57 57 57 57 57 58 58 58 58 58 58 58 58 58 58 58 58 61 61 61 61 61 61 61 74 75 75 107 107 107 107 111 111 119 119 119 182 182 188 193 193 201 213 262 263
 57 60 57 57 57 58 58 58 58 60 60 60 60 60 60 60 60 60 60 60 60 60 60 60 73 79 73 79 106 106 106 106 106 106 106 106 119 178 249 253
 57 75 57 57 57 57 57 104 180 104 113 113 180 180 188 255
 57 76 57 57 57 57 57 83 104 187 104 114 114 179 187 187
 57 78 57 57 57 57 57 58 58 58 58 58 58 61 61 61 61 74 78 78 78 110 110 110 110 112 112 118 118 118 181 186 189 189 205 210 254 259
 58 59 58 58 58 58 58 59 59 59 59 60 59 59 59 59 59 59 59 59 59 59 59 59 59 59 59 59 59 59 59 59 59 59 59 59 59 59 59 59 59 59 59 60 60 60 60 60 61 65 68 70 125 125 127 127 133
 59 59 59 59 62 62 130 62 130 130 130 130
 62 64 124 62 62 62 62 62 62 62 64 64 64 66 64 64 64 64 66 66 66 124 330 330
 62 65 125 62 127 62 68 62 62 62 62 62 62 62 62 62 62 62 62 62 62 62 62 62 62 62 62 71 62 62 62 62 62 62 62 62 62 62 62 62 62 65 65 65 68 68 68 125 125 127 127 134 137 367 367 367 367 367 367 462
 62 66 62 62 62 62 62 62 62 62 128 62 62 62 66 66 66 67 67 126 128 128 330 330 330
 63 72 72 72 91 91 91 102 103 102 103 103 106 103 103 103 106 277 285 285
 63 64 142 63 64 65 64 64 64 64 64 64 142 156 142 142 156 156 156 156 156 156 156 159 156 156 156 156 156 156 156 156 156 156 159 161 313 313 313 317
 63 65 73 63 68 63 75 63 63 63 63 63 65 68 68 68 68 68 68 273 68 73 73 73 73 73 75 143 143 157 157 157 157 157 157 178 178 272 319 351 351 415
 63 63 64 64 64 67 64 166 64 163 64 64 64 64 64 64 64 67 89 89 89 89 89 89 89 89 89 163 166 332 332
 63 66 63 63 63 65 65 66 66 66 66 66 66 66 143 159 226 159 162 162 162 162 181 200 226 226 226 317 341 341 363
 63 146 63 63 63 66 66 66 66 67 67 124 128 124 128 128 128 128 128 146 163 163 183 183 332 332
 63 74 63 63 63 67 67 74 96 96 145 159 159 170 170 208 230 231 231 231 231 334 334 369
 63 76 147 63 63 63 63 71 63 63 63 63 63 63 63 63 63 63 63 65 65 212 65 65 71 71 71 75 76 75 75 75 76 76 147 147 147 152 152 160 227 160 160 160 169 169 202 227 228 228 235 319 319 368 376 376 415 441 441
 63 79 63 69 63 63 65 69 69 69 276 69 69 69 69 69 69 69 69 74 79 79 149 149 161 161 168 236 240 240 283 323 323 323 373 378 378
 63 150 63 67 79 79 79 150 150 150 159 171 171 207 250 341 363
 63 151 77 84 142 151 151 151 151 151 172 206
 63 63 78 78 142 150 142 149 150 165 165 209 431
 64 88 156 64 88 88 88 88 88 88 88 88 88 88 88 88 88 88 88 88 88 88 88 311 88 88 88 88 88 88 88 88 88 88 88 88 88 88 88 88 88 88 88 88 88 88 88 88 88 88 88 88 88 88 88 88 88 88 88 88 88 88 88 88 156 311
 64 64 64 64 66 66 66 66 157 311 311 311 329 311 311 311 316 329 329 329 329 329 329 329
 64 159 64 160 64 64 64 64 64 64 64 64 64 64 64 64 64 64 65 65 67 67 159 311 311 311 311 311 311 311 311 311 311 311 311 311 311 311 311 311 311 314 314 314 314 318 331 331 331 331
 64 162 64 68 68 162 311 311 311 333 333 333 333
 64 69 165 64 70 69 69 165 313 313 313 337
 64 167 68 156 167 156 162 156 162 167 167
 64 71 168 64 64 64 90 313 313 313 313 313 313 335 341 341
 64 64 64 64 64 64 64 64 71 71 169 314 314 314 314 314 314 314 314 336 338 338
 64 171 64 70 70 171 314 314 339
 65 65 65 65 66 66 66 66 66 66 66 66 66 66 66 66 66 66 66 66 67 67 67 67 178 188 316 316 316 316 318 331 331 331 331 333 333 333 333 333 333 333 333 338 338 353 353 370
 65 200 65 67 67 67 67 68 68 68 68 68 68 68 68 73 73 73 73 73 73 75 75 200 249 263 316 316 316 316 316 316 320 353 353 353 353 354 354 416
 65 201 65 71 65 65 67 228 67 67 67 67 67 67 67 71 71 71 75 75 75 75 76 76 76 76 94 94 211 228 235 318 318 320 320 336 336 370 370 372 377 397 397 397 397 416 453 453
 65 204 67 68 67 68 247 68 68 72 72 72 72 72 72 78 72 72 72 72 72 72 78 78 78 200 226 200 204 204 204 226 226 226 226 226 254 286 286 321 432
 65 205 65 67 236 67 240 67 67 71 71 77 77 77 77 77 78 77 77 77 78 78 78 78 78 78 78 214 240 317 317 321 321 337 337 363 363 374 375 394 394 401 432 446 446
 65 207 65 70 67 67 67 67 70 70 70 70 70 70 70 74 74 79 79 79 79 79 79 207 253 262 318 320 339 339 372 379 390 390 390 390 395 395
 65 209 67 67 70 70 70 70 74 79 79 79 90 90 209 251 259 317 321 365 374 394 394 401
 66 67 66 67 183 330 330 330 330 330 330 332 332 393 393 393 393 393
 66 68 66 66 66 68 68 68 71 93 177 189 317 317 394 403
 66 66 187 331
 66 66 66 66 66 66 66 66 68 68 68 68 68 68 68 68 71 71 182 190 318 318 380 390 397
 67 226 67 73 73 73 92 92 92 92 226 248 316 329 316 329 329 329 329 329 329 329 329 329 329 329 352 352
 67 227 67 67 67 75 75 331 331 338 338 370 389 389 389 389 389 389 417
 67 231 67 76 83 231 331 340 340 371
 72 73 72 72 72 73 73 87 306 466
 72 72 72 72 72 72 72 72 72 72 72 72 73 73 73 74 74 76 76 85 247 249 247 272 272 284 289 291 359 360
 73 77 286 73 73 73 73 73 74 76 74 77 77 77 286 288 351 351 354 356 357
 74 75 74 74 74 75 75 75 75 75 78 78 78 78 78 78 78 78 295 298 414 414 419 419 425 428 434 455 458
 75 300 76 76 78 79 78 78 78 79 79 79 302 79 79 95 300 381 384 414 423
 75 75 76 77 79 77 77 77 79 79 79 79 79 300 300 303 364 386 419 430
 80 100 80 80 80 80 80 80 80 80 80 80 80 80 80 80 80 80 81 80 80 80 80 80 80 80 80 80 80 80 80 80 80 80 80 80 80 80 80 80 80 80 80 80 80 80 80 80 80 80 80 80 80 80 80 80 80 80 80 80 80 80 80 80 80 80 80 80 80 80 80 80 80 80 80 80 80 80 80 80 80 80 80 80 80 80 80 80 80 80 80 80 80 80 80 80 80 80
 81 98 113 81 81 81 81 81 81 81 81 81 81 81 81 81 81 81 81 81 81 81 81 100 81 82 81 81 81 81 81 81 81 81 82 98 98 98 98 98 98 98 100 119
 82 113 82 82 82 82 82 82 82 82 82 82 82 108 108 113 263 273
 83 83 83 83 94 94 183 183 183 183 188 211 227 235 368 380 380 415 416 475 475
 83 83 83 83 146 146 146 146 152 152 188 190 190 202 227 235 263 263 273 273 377 481 481
 83 247 83 253 85 85 247 259 259 263 284 284 298 299 299 302 423 423
 83 249 83 253 263 262 288 303 357 430 455 456 456
 83 254 83 262 95 95 249 251 254 251 291 291 302 359 359 436 437
 84 84 84 84 84 84 84 84 146 146 149 149 181 186 203 214 229 229 236 251 251 432 482 482
 84 84 84 84 84 84 84 283 84 272 273 276 276 283 288 303 355 355 386 418 418 437
 85 85 90 90 340 95 95 226 237 226 233 320 340
 85 87 87 87 87 87 87 87 87 87 248 256 263
 85 85 85 85 86 86 86 86 86 86 94 94 200 200 201 227 233 233 256 256 368 369 369 415 455 479 479
 85 85 95 352 249 255 256 377
 86 86 86 93 93 228 231 231 233 364 399
 86 86 86 96 96 286 289 286 289 295 299 415 428 453
 86 300 299 300 474 474 475
 88 313 88 88 89 88 88 88 88 88 88 88 88 88 88 88 88 88 88 88 88 88 314 88 88 88 88 88 88 88 88 88 88 88 88 88 88 88 88 88 88 88 88 88 88 88 88 88 88 88 88 88 88 88 88 88 88 88 88 88 88 88 88 89 313 314
 89 156 165 89 89 89 313 89 91 89 91 91 91 156 156 171 156 165 171 321 323
 89 89 89 89 89 89 89 89 89 89 89 89 89 89 89 89 89 89 92 92 92 92 311 311 311 311 311 311 314 314 319 320 338 338 341 341
 90 90 311 311 311 314 314 314 314 320 336
 90 330 90 93 93 317 330 330 330 330 330 363 367 369 367 367 367 394 462 462
 90 90 90 90 90 90 90 90 94 94 317 317 318 331 331 331 331 336 336 364 368 372 376 376 377 397 397 397 397 455
 90 90 160 162 162 162 162 249 263 316 380 397 397
 91 165 91 91 91 91 91 91 91 91 91 91 91 163 165 251 276 341 432
 92 92 166 171 166 171 253
 92 338 92 92 92 92 92 92 92 332 332 338 415 416
 93 351 93 93 93 316 317 316 317 333 333 333 333 336 333 333 333 333 351 380 390 390 394 394 415
 93 363 93 93 364 93 93 93 93 93 94 351 351 353 353 363 368
 93 365 93 96 363 393 393 393 393 393 401 432 474
 94 94 330 338 330 330 330 330 340 330 338 340 399 399 462 462 462 462
 94 94 389 423 389 425 389 428 389 430 389 389 395 395 401 401 423 430
 94 95 95 95 95 363 364 363 368 441 441 479 479
 94 353 353 354 455 354 370 377 380 380
 95 95 372 377 414 417 455 479 479 481 481
 95 95 150 150 150 150 150 150 150 150 152 152 235 236 236 302 302 303 303 434
 96 96 96 96 183 193 183 183 183 193 207 213 207 239 239 253 253 370 379 395 395 415 487 487
 96 146 148 148 186 209 210 209 276 276 474
 96 96 96 441 96 351 351 360 356 360 364 438 384 416 428 432 434 432 434 437 438 441
 96 415 425 96 354 356 425 446 446 456 458 459 459 459
 96 177 183 236 254 254 363 373 485
 97 97 97 97 97 97 97 97 97 97 97 97 97 97 97 97 97 97 97 97 97 97 97 97 182 188 201 263 263 419 419 455 481
 97 97 97 97 353 397 397
 146 183
 180 186 418 180 193 180 186 418 428
 180 193 425
 317 320 317 320 338 338 364 415 441 441 455
 330
 363 363 397 364 376 376 397 414 415 414 481 493 493 493
 414 419 414 437 438 456 481 482 481 485 482 485 487 487
