 1 1 2 1 1 1 3 7 1 2 5 7 5 5 6 6 6 7 7 7 9 12 7 9 9 12 12 12 12 14 12 13 12 12 13 13 13 14 14 18 18 18 18 23 20 20 20 20 23 23 25 25 25 25 27 27 27 27 32 32 32 32 36 36 36 36 39 42 47 51 55 59 62 64 65 82 91
 2 2 3 2 3 3 3 4 4 4 4 4 4 6 6 6 6 8 8 8 8 10 10 10 10 11 11 11 11 16 16 16 16 16 19 19 19 19 19 22 22 22 22 22 26 26 26 26 26 28 28 28 28 30 30 30 30 30 31 31 31 31 34 34 34 34 35 35 35 35 35 57 57 57 57 57 67 69 70 73 78 85 89 89 89 89 89 94 96 99 100 105
 2 5 5 8 5 5 8 9 9 11 11 15 15 15 15 15 15 16 16 16 17 17 17 17 17 17 18 18 18 21 21 21 29 29 29 29 29 29 52 53 63 68 81 87 102
 7 8 10 13 13 13 13 15 15 19 19 21 21 27 27 45 54 66
 9 14 9 10 10 14 14 20 14 20 21 21 22 22 23 23 28 28 31 31 36 36 41 50 74 89 89
 11 17 26 17 25 25 25 25 26 32 32 35 35 84
 14 23 24 24 24 24 24 24 33 37
 18 20 19 26 30 46 103
 20 21 23 22 23 34 34 38 75
 27 28 29 27 30 34 57 58
 28 31 33 34 33 33 33 76
 29 30 31 32 32 88
 35
