 1 2 3 4 6
 1 2 3 4 2146
 1 2 3 4 2288
 1 2 3 6 7
 1 2 3 6 9
 1 2 3 6 10
 1 2 3 6 11
 1 2 3 6 20
 1 2 3 6 26
 1 2 3 6 27
 1 2 3 6 30
 1 2 3 6 33
 1 2 3 6 50
 1 2 3 6 2290
 1 2 3 6 2296
 1 2 3 6 2304
 1 2 3 6 2306
 1 2 3 6 2540
 1 2 3 6 2806
 1 2 3 9 1525
 1 2 3 9 2291
 1 2 3 9 2324
 1 2 3 9 2328
 1 2 3 1521 2518
 1 2 3 2291 2324
 1 2 3 2291 2806
 1 2 6 7 10
 1 2 6 7 12
 1 2 6 7 20
 1 2 6 7 22
 1 2 6 7 68
 1 2 6 7 334
 1 2 6 7 2248
 1 2 6 7 2249
 1 2 6 7 2253
 1 2 6 7 2272
 1 2 6 7 2304
 1 2 6 7 2309
 1 2 6 7 2324
 1 2 6 7 2325
 1 2 6 7 2518
 1 2 6 7 2566
 1 2 6 7 3088
 1 2 6 7 3574
 1 2 6 8 10
 1 2 6 8 11
 1 2 6 8 20
 1 2 6 8 22
 1 2 6 8 24
 1 2 6 8 33
 1 2 6 8 43
 1 2 6 8 51
 1 2 6 8 68
 1 2 6 8 2251
 1 2 6 8 2304
 1 2 6 8 2306
 1 2 6 8 2325
 1 2 6 8 2332
 1 2 6 10 13
 1 2 6 10 14
 1 2 6 10 23
 1 2 6 10 29
 1 2 6 10 30
 1 2 6 10 40
 1 2 6 10 50
 1 2 6 10 51
 1 2 6 10 890
 1 2 6 10 2253
 1 2 6 10 2288
 1 2 6 10 2289
 1 2 6 10 2290
 1 2 6 10 2296
 1 2 6 10 2315
 1 2 6 10 2360
 1 2 6 10 2400
 1 2 6 10 2471
 1 2 6 10 2549
 1 2 6 10 2851
 1 2 6 11 23
 1 2 6 11 28
 1 2 6 11 29
 1 2 6 11 30
 1 2 6 11 35
 1 2 6 11 41
 1 2 6 11 50
 1 2 6 11 75
 1 2 6 11 890
 1 2 6 11 2250
 1 2 6 11 2253
 1 2 6 11 2257
 1 2 6 11 2261
 1 2 6 11 2289
 1 2 6 11 2295
 1 2 6 11 2315
 1 2 6 11 2316
 1 2 6 11 2359
 1 2 6 11 2361
 1 2 6 11 2400
 1 2 6 11 2460
 1 2 6 11 2470
 1 2 6 11 3222
 1 2 6 12 23
 1 2 6 12 29
 1 2 6 12 30
 1 2 6 12 46
 1 2 6 12 51
 1 2 6 12 53
 1 2 6 12 54
 1 2 6 12 68
 1 2 6 12 69
 1 2 6 12 74
 1 2 6 12 75
 1 2 6 12 2288
 1 2 6 12 2291
 1 2 6 12 2292
 1 2 6 12 2294
 1 2 6 12 2299
 1 2 6 20 26
 1 2 6 20 28
 1 2 6 20 30
 1 2 6 20 40
 1 2 6 20 50
 1 2 6 20 2290
 1 2 6 20 2296
 1 2 6 20 2300
 1 2 6 20 2328
 1 2 6 20 2329
 1 2 6 20 2332
 1 2 6 26 29
 1 2 6 26 30
 1 2 6 26 33
 1 2 6 26 40
 1 2 6 26 46
 1 2 6 26 69
 1 2 6 26 2290
 1 2 6 26 2296
 1 2 6 26 2300
 1 2 6 26 2304
 1 2 6 26 2310
 1 2 6 26 2324
 1 2 6 26 2325
 1 2 6 26 2328
 1 2 6 26 2329
 1 2 6 26 2338
 1 2 6 26 2349
 1 2 6 26 2359
 1 2 6 26 2544
 1 2 6 26 2568
 1 2 6 26 2804
 1 2 6 27 28
 1 2 6 27 30
 1 2 6 27 33
 1 2 6 27 2250
 1 2 6 27 2256
 1 2 6 27 2262
 1 2 6 27 2282
 1 2 6 27 2289
 1 2 6 27 2291
 1 2 6 27 2295
 1 2 6 27 2309
 1 2 6 27 2324
 1 2 6 27 2326
 1 2 6 27 2339
 1 2 6 27 2350
 1 2 6 27 2360
 1 2 6 27 2368
 1 2 6 27 2461
 1 2 6 27 2519
 1 2 6 27 2545
 1 2 6 27 2568
 1 2 6 27 2752
 1 2 6 27 2754
 1 2 6 27 2804
 1 2 6 27 3220
 1 2 6 28 43
 1 2 6 28 2292
 1 2 6 28 2297
 1 2 6 33 2250
 1 2 6 33 2253
 1 2 6 46 51
 1 2 6 46 2297
 1 2 6 46 2309
 1 2 6 46 2326
 1 2 6 46 2350
 1 2 6 46 2519
 1 2 6 46 2754
 1 2 8 9 2307
 1 2 8 12 19
 1 2 8 12 51
 1 2 8 12 2288
 1 2 8 12 2299
 1 2 8 12 2332
 1 2 8 12 2334
 1 2 8 12 2569
 1 2 8 19 2305
 1 2 8 22 2297
 1 2 8 22 2329
 1 2 8 26 33
 1 2 8 26 40
 1 2 8 26 43
 1 2 8 26 2324
 1 2 8 32 51
 1 2 8 32 75
 1 2 8 62 2288
 1 2 8 62 2297
 1 2 8 62 2317
 1 2 8 62 2335
 1 2 8 62 2336
 1 2 28 2288 2291
 1 2 28 2288 2752
 1 2 28 2291 2761
 1 2 28 2292 2326
 1 2 28 2292 2347
 1 6 10 13 25
 1 6 10 13 2110
 1 6 10 13 2250
 1 6 10 13 2312
 1 6 10 13 2674
 1 6 10 14 25
 1 6 10 14 50
 1 6 10 14 51
 1 6 10 14 2252
 1 6 10 14 2317
 1 6 10 14 2322
 1 6 10 14 2323
 1 6 10 14 2460
 1 6 10 14 2471
 1 6 10 14 2546
 1 6 10 14 2820
 1 6 10 14 2823
 1 6 10 14 3219
 1 6 10 23 25
 1 6 10 23 29
 1 6 10 23 31
 1 6 10 23 50
 1 6 10 23 51
 1 6 10 23 2252
 1 6 10 23 2290
 1 6 10 23 2300
 1 6 10 23 2316
 1 6 10 23 2317
 1 6 10 23 2359
 1 6 10 23 2363
 1 6 10 23 2399
 1 6 10 23 2560
 1 6 10 23 2592
 1 6 10 23 2818
 1 6 10 23 2936
 1 6 10 1342 2458
 1 6 10 2252 2315
 1 6 10 2252 2471
 1 6 10 2315 2818
 1 6 10 2315 2990
 1 6 11 14 22
 1 6 11 14 41
 1 6 11 14 2254
 1 6 11 14 2255
 1 6 11 14 2320
 1 6 11 14 2349
 1 6 11 14 2460
 1 6 11 14 2673
 1 6 11 14 2819
 1 6 11 14 3088
 1 6 11 14 3096
 1 6 11 14 3219
 1 6 11 22 25
 1 6 11 22 46
 1 6 11 22 48
 1 6 11 22 49
 1 6 11 23 29
 1 6 11 23 30
 1 6 11 23 32
 1 6 11 23 35
 1 6 11 23 37
 1 6 11 23 46
 1 6 11 23 50
 1 6 11 23 55
 1 6 11 23 2289
 1 6 11 23 2291
 1 6 11 23 2292
 1 6 11 23 2315
 1 6 11 23 2353
 1 6 11 24 30
 1 6 11 24 50
 1 6 11 24 55
 1 6 11 24 2290
 1 6 11 24 2315
 1 6 11 24 2316
 1 6 11 24 2336
 1 6 11 24 2382
 1 6 11 24 2495
 1 6 11 25 35
 1 6 11 25 50
 1 6 11 25 2253
 1 6 11 25 2272
 1 6 11 25 2288
 1 6 11 25 2289
 1 6 11 25 2315
 1 6 11 25 2320
 1 6 11 25 2332
 1 6 11 25 2350
 1 6 11 25 2359
 1 6 11 25 2360
 1 6 11 25 2400
 1 6 11 25 2589
 1 6 11 25 2805
 1 6 11 25 2981
 1 6 11 25 3095
 1 6 11 25 3444
 1 6 11 32 69
 1 6 11 32 70
 1 6 11 32 2250
 1 6 11 32 2281
 1 6 11 32 2344
 1 6 11 32 2353
 1 6 11 32 2752
 1 6 11 35 55
 1 6 11 35 68
 1 6 11 35 69
 1 6 11 35 70
 1 6 11 35 2253
 1 6 11 35 2256
 1 6 11 35 2272
 1 6 11 35 2315
 1 6 11 35 2320
 1 6 11 35 2322
 1 6 11 35 2323
 1 6 11 35 2344
 1 6 11 35 2345
 1 6 11 35 2350
 1 6 11 35 2352
 1 6 11 35 2461
 1 6 11 35 2548
 1 6 11 41 68
 1 6 11 41 69
 1 6 11 41 2250
 1 6 11 41 2274
 1 6 11 41 2281
 1 6 11 46 62
 1 6 11 46 67
 1 6 11 46 2256
 1 6 11 68 2312
 1 6 11 68 2350
 1 6 11 68 2353
 1 6 11 68 2355
 1 6 11 68 2356
 1 6 11 70 2315
 1 6 11 70 2344
 1 6 11 70 2350
 1 6 11 70 2353
 1 6 11 70 2360
 1 6 11 70 3088
 1 6 11 70 3090
 1 6 11 70 3094
 1 6 11 70 3095
 1 6 11 70 3103
 1 6 11 890 2260
 1 6 11 2255 2291
 1 6 11 2255 2294
 1 6 11 2257 2302
 1 6 11 2257 2336
 1 6 11 2257 2495
 1 6 20 26 220
 1 6 20 26 2250
 1 6 20 26 2262
 1 6 20 26 3088
 1 6 33 2250 2253
 1 6 33 2250 2754
 1 6 33 2271 2272
 1 6 33 2271 2350
 1 6 33 2271 2354
 1 6 33 2271 2358
 1 6 33 2271 2367
 1 6 33 2281 2367
 1 7 12 19 35
 1 7 12 19 37
 1 7 12 19 47
 1 7 12 24 38
 1 7 12 24 52
 1 7 12 24 53
 1 7 12 24 2288
 1 7 12 24 2289
 1 7 12 24 2299
 1 7 12 24 2305
 1 7 12 24 2316
 1 7 12 24 2333
 1 7 12 24 2334
 1 7 12 24 2400
 1 7 12 24 2805
 1 7 12 35 66
 1 7 12 35 2251
 1 7 12 35 2252
 1 7 12 35 2399
 1 7 12 35 3089
 1 7 12 35 3105
 1 7 22 35 2295
 1 7 22 38 2249
 1 7 32 58 2253
 1 7 34 75 3088
 1 7 34 75 3089
 1 7 34 75 3105
 1 27 2250 2301 2324
 1 27 2291 2324 3648
