 1 2 3 4 6 7 8
 1 2 3 4 6 7 26
 1 2 3 4 6 7 28
 1 2 3 4 6 7 2248
 1 2 3 4 6 7 2328
 1 2 3 4 6 7 2804
 1 2 3 4 6 27 2288
 1 2 3 4 6 27 2289
 1 2 3 4 6 27 2804
 1 2 3 4 6 2290 2804
 1 2 3 4 6 2290 3088
 1 2 3 6 7 8 10
 1 2 3 6 7 8 20
 1 2 3 6 7 8 68
 1 2 3 6 7 8 2248
 1 2 3 6 7 8 2251
 1 2 3 6 7 8 2304
 1 2 3 6 7 8 2518
 1 2 3 6 7 8 3088
 1 2 3 6 7 8 3574
 1 2 3 6 7 9 20
 1 2 3 6 7 9 22
 1 2 3 6 7 9 2248
 1 2 3 6 7 9 2324
 1 2 3 6 7 10 11
 1 2 3 6 7 10 12
 1 2 3 6 7 10 29
 1 2 3 6 7 10 30
 1 2 3 6 7 10 32
 1 2 3 6 7 10 33
 1 2 3 6 7 10 34
 1 2 3 6 7 10 40
 1 2 3 6 7 10 50
 1 2 3 6 7 10 54
 1 2 3 6 7 10 55
 1 2 3 6 7 10 66
 1 2 3 6 7 10 2248
 1 2 3 6 7 10 2252
 1 2 3 6 7 10 2254
 1 2 3 6 7 10 2288
 1 2 3 6 7 10 2289
 1 2 3 6 7 12 53
 1 2 3 6 7 12 65
 1 2 3 6 7 12 75
 1 2 3 6 7 12 2248
 1 2 3 6 7 12 2249
 1 2 3 6 7 12 2251
 1 2 3 6 7 12 2254
 1 2 3 6 7 12 2265
 1 2 3 6 7 12 2272
 1 2 3 6 7 12 2288
 1 2 3 6 7 12 2289
 1 2 3 6 7 12 2291
 1 2 3 6 7 12 2334
 1 2 3 6 7 12 2340
 1 2 3 6 7 12 2752
 1 2 3 6 7 12 2757
 1 2 3 6 7 12 3089
 1 2 3 6 7 20 26
 1 2 3 6 7 20 29
 1 2 3 6 7 20 68
 1 2 3 6 7 20 2296
 1 2 3 6 7 20 2303
 1 2 3 6 7 20 2328
 1 2 3 6 7 26 29
 1 2 3 6 7 26 30
 1 2 3 6 7 26 2248
 1 2 3 6 7 26 2290
 1 2 3 6 7 26 2296
 1 2 3 6 7 26 2303
 1 2 3 6 7 26 2325
 1 2 3 6 7 26 2804
 1 2 3 6 7 28 2248
 1 2 3 6 7 28 2752
 1 2 3 6 7 28 2753
 1 2 3 6 7 29 30
 1 2 3 6 7 29 50
 1 2 3 6 7 29 2296
 1 2 3 6 7 29 2324
 1 2 3 6 7 29 2326
 1 2 3 6 7 29 2566
 1 2 3 6 7 29 2806
 1 2 3 6 7 50 2248
 1 2 3 6 7 50 2753
 1 2 3 6 7 68 2324
 1 2 3 6 7 68 2328
 1 2 3 6 7 68 2334
 1 2 3 6 7 68 2540
 1 2 3 6 7 68 2806
 1 2 3 6 7 2248 2304
 1 2 3 6 7 2248 2540
 1 2 3 6 7 2248 2806
 1 2 3 6 9 20 30
 1 2 3 6 9 20 33
 1 2 3 6 9 20 2328
 1 2 3 6 9 21 30
 1 2 3 6 9 21 32
 1 2 3 6 9 21 2291
 1 2 3 6 9 21 2324
 1 2 3 6 9 21 2328
 1 2 3 6 9 30 33
 1 2 3 6 9 30 2291
 1 2 3 6 9 30 2324
 1 2 3 6 9 30 2328
 1 2 3 6 9 33 2324
 1 2 3 6 9 33 2328
 1 2 3 6 9 2324 2328
 1 2 3 6 10 30 54
 1 2 3 6 10 30 2256
 1 2 3 6 10 30 2288
 1 2 3 6 10 30 2291
 1 2 3 6 10 30 2343
 1 2 3 6 10 50 2288
 1 2 3 6 11 30 2255
 1 2 3 6 11 30 2288
 1 2 3 6 11 30 2291
 1 2 3 6 11 30 2342
 1 2 3 6 11 41 75
 1 2 3 6 11 41 2290
 1 2 3 6 11 41 2332
 1 2 3 6 11 41 3095
 1 2 3 6 11 50 2288
 1 2 3 6 20 26 30
 1 2 3 6 20 26 2296
 1 2 3 6 20 30 2291
 1 2 3 6 20 30 2296
 1 2 3 6 20 30 2328
 1 2 3 6 26 30 2291
 1 2 3 6 26 30 2296
 1 2 3 6 26 30 2325
 1 2 3 6 26 30 2349
 1 2 3 6 26 30 2366
 1 2 3 6 26 30 2868
 1 2 3 6 26 33 2345
 1 2 3 6 26 2290 2804
 1 2 3 6 27 2289 2804
 1 2 3 6 27 2295 2326
 1 2 3 6 30 2291 2324
 1 2 3 6 30 2291 2566
 1 2 3 6 30 2291 2806
 1 2 3 9 1525 2519 3583
 1 2 6 7 10 11 13
 1 2 6 7 10 11 23
 1 2 6 7 10 11 50
 1 2 6 7 10 11 890
 1 2 6 7 10 11 2248
 1 2 6 7 10 11 2249
 1 2 6 7 10 11 2253
 1 2 6 7 10 11 3088
 1 2 6 7 10 12 23
 1 2 6 7 10 12 24
 1 2 6 7 10 12 34
 1 2 6 7 10 12 35
 1 2 6 7 10 12 69
 1 2 6 7 10 12 2248
 1 2 6 7 10 12 2249
 1 2 6 7 10 12 2250
 1 2 6 7 10 12 2252
 1 2 6 7 10 12 2254
 1 2 6 7 10 13 34
 1 2 6 7 10 13 40
 1 2 6 7 10 13 49
 1 2 6 7 10 13 2248
 1 2 6 7 10 13 2250
 1 2 6 7 10 13 2254
 1 2 6 7 10 13 2256
 1 2 6 7 10 13 2323
 1 2 6 7 10 13 2337
 1 2 6 7 10 13 2461
 1 2 6 7 10 13 2674
 1 2 6 7 10 13 3088
 1 2 6 7 10 14 48
 1 2 6 7 10 14 55
 1 2 6 7 10 14 2248
 1 2 6 7 10 14 2249
 1 2 6 7 10 14 2254
 1 2 6 7 10 14 2255
 1 2 6 7 10 14 2322
 1 2 6 7 10 14 2460
 1 2 6 7 10 14 3088
 1 2 6 7 10 14 3092
 1 2 6 7 10 14 3219
 1 2 6 7 10 23 29
 1 2 6 7 10 23 32
 1 2 6 7 10 23 34
 1 2 6 7 10 23 50
 1 2 6 7 10 23 54
 1 2 6 7 10 23 55
 1 2 6 7 10 23 62
 1 2 6 7 10 23 66
 1 2 6 7 10 23 69
 1 2 6 7 10 23 2248
 1 2 6 7 10 23 2252
 1 2 6 7 10 23 2254
 1 2 6 7 10 23 2288
 1 2 6 7 10 23 2289
 1 2 6 7 10 23 2290
 1 2 6 7 10 23 2303
 1 2 6 7 10 23 2315
 1 2 6 7 10 23 2316
 1 2 6 7 10 23 2344
 1 2 6 7 10 23 2400
 1 2 6 7 10 24 30
 1 2 6 7 10 24 32
 1 2 6 7 10 24 54
 1 2 6 7 10 24 55
 1 2 6 7 10 24 62
 1 2 6 7 10 24 69
 1 2 6 7 10 24 2252
 1 2 6 7 10 24 2288
 1 2 6 7 10 24 2289
 1 2 6 7 10 24 2290
 1 2 6 7 10 24 2303
 1 2 6 7 10 24 2305
 1 2 6 7 10 24 2316
 1 2 6 7 10 24 2333
 1 2 6 7 10 24 2337
 1 2 6 7 10 24 2339
 1 2 6 7 10 24 2344
 1 2 6 7 10 24 2400
 1 2 6 7 10 24 2471
 1 2 6 7 10 24 2549
 1 2 6 7 10 24 2805
 1 2 6 7 10 32 34
 1 2 6 7 10 32 69
 1 2 6 7 10 32 2248
 1 2 6 7 10 32 2249
 1 2 6 7 10 32 2250
 1 2 6 7 10 32 2252
 1 2 6 7 10 32 2253
 1 2 6 7 10 32 2254
 1 2 6 7 10 32 2344
 1 2 6 7 10 33 2248
 1 2 6 7 10 33 2249
 1 2 6 7 10 33 2250
 1 2 6 7 10 33 2253
 1 2 6 7 10 33 2752
 1 2 6 7 10 34 54
 1 2 6 7 10 34 2315
 1 2 6 7 10 34 2316
 1 2 6 7 10 34 2344
 1 2 6 7 10 40 54
 1 2 6 7 10 40 2248
 1 2 6 7 10 40 2249
 1 2 6 7 10 40 2250
 1 2 6 7 10 40 2252
 1 2 6 7 10 40 2752
 1 2 6 7 10 50 54
 1 2 6 7 10 50 62
 1 2 6 7 10 50 66
 1 2 6 7 10 50 74
 1 2 6 7 10 50 2254
 1 2 6 7 10 50 2256
 1 2 6 7 10 54 2249
 1 2 6 7 10 54 2255
 1 2 6 7 10 54 2262
 1 2 6 7 10 54 2315
 1 2 6 7 10 54 2344
 1 2 6 7 10 54 2471
 1 2 6 7 10 54 2549
 1 2 6 7 10 69 2262
 1 2 6 7 10 69 2289
 1 2 6 7 10 69 2290
 1 2 6 7 10 69 2303
 1 2 6 7 10 890 2248
 1 2 6 7 10 890 2254
 1 2 6 7 10 2248 2253
 1 2 6 7 10 2248 2256
 1 2 6 7 10 2248 2262
 1 2 6 7 10 2248 2272
 1 2 6 7 10 2248 2315
 1 2 6 7 10 2248 2471
 1 2 6 7 10 2248 2549
 1 2 6 7 10 2248 3220
 1 2 6 7 10 2249 2252
 1 2 6 7 10 2250 2254
 1 2 6 7 10 2250 2255
 1 2 6 7 10 2252 2255
 1 2 6 7 10 2252 2262
 1 2 6 7 10 2252 2315
 1 2 6 7 10 2252 2316
 1 2 6 7 10 2252 2344
 1 2 6 7 10 2252 2471
 1 2 6 7 10 2252 2549
 1 2 6 7 10 2253 2254
 1 2 6 7 10 2254 2288
 1 2 6 7 10 2254 2289
 1 2 6 7 10 2254 2290
 1 2 6 7 10 2254 2400
 1 2 6 7 10 2254 3220
 1 2 6 7 12 23 29
 1 2 6 7 12 23 53
 1 2 6 7 12 23 54
 1 2 6 7 12 23 66
 1 2 6 7 12 23 68
 1 2 6 7 12 23 2252
 1 2 6 7 12 23 2254
 1 2 6 7 12 23 2288
 1 2 6 7 12 23 2289
 1 2 6 7 12 23 2290
 1 2 6 7 12 23 2299
 1 2 6 7 12 23 2315
 1 2 6 7 12 23 2316
 1 2 6 7 12 23 2334
 1 2 6 7 12 23 2340
 1 2 6 7 12 23 2400
 1 2 6 7 12 23 2805
 1 2 6 7 12 23 3089
 1 2 6 7 12 53 68
 1 2 6 7 12 53 69
 1 2 6 7 12 53 2249
 1 2 6 7 12 53 2250
 1 2 6 7 12 53 2257
 1 2 6 7 12 53 2260
 1 2 6 7 12 53 2752
 1 2 6 7 12 68 69
 1 2 6 7 12 68 2257
 1 2 6 7 12 68 2260
 1 2 6 7 12 68 2294
 1 2 6 7 12 68 2299
 1 2 6 7 12 68 2752
 1 2 6 7 12 69 2254
 1 2 6 7 12 69 2288
 1 2 6 7 12 69 2299
 1 2 6 7 12 69 2334
 1 2 6 7 12 69 2340
 1 2 6 7 12 69 2400
 1 2 6 7 12 69 2805
 1 2 6 7 12 69 3089
 1 2 6 7 12 2249 2252
 1 2 6 7 12 2251 2752
 1 2 6 7 12 2254 2257
 1 2 6 7 12 2254 2288
 1 2 6 7 12 2254 2291
 1 2 6 7 12 2257 2299
 1 2 6 7 12 2257 2334
 1 2 6 7 12 2257 2340
 1 2 6 7 12 2257 2805
 1 2 6 7 12 2257 3089
 1 2 6 7 12 2260 2299
 1 2 6 7 12 2265 2752
 1 2 6 7 20 23 26
 1 2 6 7 20 23 28
 1 2 6 7 20 23 2256
 1 2 6 7 20 23 2329
 1 2 6 7 20 23 2344
 1 2 6 7 20 23 2345
 1 2 6 7 20 23 2352
 1 2 6 7 20 23 2863
 1 2 6 7 20 24 26
 1 2 6 7 20 24 28
 1 2 6 7 20 24 2289
 1 2 6 7 20 24 2329
 1 2 6 7 20 24 2344
 1 2 6 7 20 24 2351
 1 2 6 7 20 24 2415
 1 2 6 7 20 24 2863
 1 2 6 7 20 26 69
 1 2 6 7 20 26 2249
 1 2 6 7 20 26 2250
 1 2 6 7 20 26 2262
 1 2 6 7 20 26 2309
 1 2 6 7 20 26 2310
 1 2 6 7 20 26 2349
 1 2 6 7 20 26 2369
 1 2 6 7 20 26 2544
 1 2 6 7 20 26 2755
 1 2 6 7 20 26 3088
 1 2 6 7 20 28 2250
 1 2 6 7 20 29 2256
 1 2 6 7 20 50 2256
 1 2 6 7 20 69 2262
 1 2 6 7 20 69 3088
 1 2 6 7 20 2249 2256
 1 2 6 7 20 2249 2269
 1 2 6 7 20 2249 2345
 1 2 6 7 20 2249 2369
 1 2 6 7 20 2249 2373
 1 2 6 7 20 2250 2309
 1 2 6 7 20 2250 2344
 1 2 6 7 22 28 2752
 1 2 6 7 22 28 2753
 1 2 6 7 22 68 2752
 1 2 6 7 22 2249 2296
 1 2 6 7 68 69 2324
 1 2 6 7 68 69 2327
 1 2 6 7 68 69 3088
 1 2 6 8 10 24 54
 1 2 6 8 10 24 62
 1 2 6 8 10 24 2288
 1 2 6 8 10 24 2290
 1 2 6 8 10 24 2337
 1 2 6 8 10 33 67
 1 2 6 8 10 33 2253
 1 2 6 8 10 33 2304
 1 2 6 8 10 51 2255
 1 2 6 8 11 12 2250
 1 2 6 8 11 12 2251
 1 2 6 8 11 12 2257
 1 2 6 8 11 12 2752
 1 2 6 8 11 24 33
 1 2 6 8 11 24 53
 1 2 6 8 11 24 2251
 1 2 6 8 11 24 2288
 1 2 6 8 11 24 2289
 1 2 6 8 11 24 2290
 1 2 6 8 11 24 2302
 1 2 6 8 11 24 2336
 1 2 6 8 11 24 2345
 1 2 6 8 11 24 2400
 1 2 6 8 11 24 2805
 1 2 6 8 11 32 35
 1 2 6 8 11 32 67
 1 2 6 8 11 32 81
 1 2 6 8 11 32 2253
 1 2 6 8 11 32 2271
 1 2 6 8 11 32 2304
 1 2 6 8 11 32 2344
 1 2 6 8 11 32 2345
 1 2 6 8 11 32 3093
 1 2 6 8 11 33 75
 1 2 6 8 11 33 2253
 1 2 6 8 11 33 2257
 1 2 6 8 11 33 2268
 1 2 6 8 11 33 2752
 1 2 6 8 11 35 75
 1 2 6 8 11 35 2271
 1 2 6 8 11 35 2344
 1 2 6 8 11 35 2345
 1 2 6 8 11 35 2361
 1 2 6 8 11 35 2400
 1 2 6 8 11 35 3093
 1 2 6 8 11 35 3105
 1 2 6 8 11 46 67
 1 2 6 8 11 46 75
 1 2 6 8 11 46 2255
 1 2 6 8 11 46 2268
 1 2 6 8 11 46 2342
 1 2 6 8 11 46 2757
 1 2 6 8 11 46 3090
 1 2 6 8 11 53 2256
 1 2 6 8 11 62 2288
 1 2 6 8 11 62 2805
 1 2 6 8 11 67 75
 1 2 6 8 11 67 2288
 1 2 6 8 11 67 2752
 1 2 6 8 11 67 3090
 1 2 6 8 11 75 2268
 1 2 6 8 11 75 2338
 1 2 6 8 11 75 2342
 1 2 6 8 11 2255 2271
 1 2 6 8 11 2255 2757
 1 2 6 8 11 2257 2288
 1 2 6 8 11 2268 3090
 1 2 6 8 11 2271 2757
 1 2 6 8 20 24 26
 1 2 6 8 20 24 40
 1 2 6 8 20 24 2324
 1 2 6 8 20 24 2329
 1 2 6 8 20 24 2345
 1 2 6 8 20 24 2362
 1 2 6 8 20 24 2863
 1 2 6 8 20 26 33
 1 2 6 8 20 26 43
 1 2 6 8 20 26 2324
 1 2 6 8 20 33 2324
 1 2 6 8 20 33 2345
 1 2 6 8 20 40 2329
 1 2 6 8 20 43 3088
 1 2 6 8 20 2324 2863
 1 2 6 8 22 46 2297
 1 2 6 8 22 46 2329
 1 2 6 8 22 46 2347
 1 2 6 8 24 33 75
 1 2 6 8 24 33 2345
 1 2 6 8 24 68 2324
 1 2 6 8 24 68 2334
 1 2 6 8 24 68 3089
 1 2 6 8 24 2261 2290
 1 2 6 8 68 2306 3095
 1 2 6 10 13 40 46
 1 2 6 10 13 40 2252
 1 2 6 10 13 40 2329
 1 2 6 10 13 40 2365
 1 2 6 10 13 40 2471
 1 2 6 10 13 40 2719
 1 2 6 10 13 2288 2461
 1 2 6 10 13 2290 2461
 1 2 6 10 13 2290 3088
 1 2 6 10 13 2461 3220
 1 2 6 10 14 50 51
 1 2 6 10 14 50 2351
 1 2 6 10 14 50 2352
 1 2 6 10 14 50 3096
 1 2 6 10 14 51 74
 1 2 6 10 14 51 2304
 1 2 6 10 14 51 2351
 1 2 6 10 14 51 2352
 1 2 6 10 14 51 3093
 1 2 6 10 14 51 3096
 1 2 6 10 14 51 3264
 1 2 6 10 14 67 2322
 1 2 6 10 14 67 2323
 1 2 6 10 14 67 3092
 1 2 6 10 14 2288 2460
 1 2 6 10 14 2288 3088
 1 2 6 10 14 2288 3219
 1 2 6 10 14 2289 2460
 1 2 6 10 14 2289 3088
 1 2 6 10 14 2289 3219
 1 2 6 10 14 2322 2323
 1 2 6 10 14 2322 3092
 1 2 6 10 14 2362 2719
 1 2 6 10 14 2362 2851
 1 2 6 10 23 29 51
 1 2 6 10 23 29 54
 1 2 6 10 23 29 2316
 1 2 6 10 23 50 51
 1 2 6 10 23 50 54
 1 2 6 10 23 50 2315
 1 2 6 10 23 51 2332
 1 2 6 10 23 2288 2290
 1 2 6 10 29 32 51
 1 2 6 10 29 33 51
 1 2 6 10 29 33 2271
 1 2 6 10 29 33 2367
 1 2 6 10 29 40 2365
 1 2 6 10 29 51 62
 1 2 6 10 29 51 67
 1 2 6 10 29 51 2315
 1 2 6 10 29 51 2332
 1 2 6 10 29 51 2367
 1 2 6 10 29 54 2316
 1 2 6 10 29 62 2315
 1 2 6 10 30 50 2256
 1 2 6 10 30 50 2757
 1 2 6 10 30 54 2269
 1 2 6 10 30 54 2339
 1 2 6 10 30 54 2343
 1 2 6 10 30 54 2367
 1 2 6 10 30 54 2471
 1 2 6 10 30 54 2549
 1 2 6 10 30 2256 2272
 1 2 6 10 30 2269 2367
 1 2 6 10 30 2272 2757
 1 2 6 10 30 2339 2549
 1 2 6 10 40 54 2250
 1 2 6 10 40 54 2752
 1 2 6 11 23 29 50
 1 2 6 11 23 29 2315
 1 2 6 11 23 32 55
 1 2 6 11 23 32 2344
 1 2 6 11 23 32 2345
 1 2 6 11 23 32 3093
 1 2 6 11 23 50 2332
 1 2 6 11 23 55 2336
 1 2 6 11 23 55 2345
 1 2 6 11 23 2315 2332
 1 2 6 11 28 41 46
 1 2 6 11 28 75 2257
 1 2 6 11 28 75 2260
 1 2 6 11 29 32 2367
 1 2 6 11 29 33 2366
 1 2 6 11 29 35 2315
 1 2 6 11 29 35 2470
 1 2 6 11 29 50 2757
 1 2 6 11 29 62 2315
 1 2 6 11 29 62 2382
 1 2 6 11 29 67 2366
 1 2 6 11 29 2255 2288
 1 2 6 11 29 2268 2366
 1 2 6 11 29 2272 2288
 1 2 6 11 29 2272 2757
 1 2 6 11 29 2288 2757
 1 2 6 11 29 2306 2315
 1 2 6 11 29 2306 2470
 1 2 6 11 29 2315 2338
 1 2 6 11 29 2338 2470
 1 2 6 11 29 2338 2548
 1 2 6 11 30 2255 2288
 1 2 6 11 30 2288 2757
 1 2 6 11 41 46 75
 1 2 6 11 41 46 3099
 1 2 6 11 41 75 2274
 1 2 6 11 41 75 2281
 1 2 6 11 41 2274 3099
 1 2 6 11 41 2290 2752
 1 2 6 11 50 2288 2291
 1 2 6 11 75 2261 2362
 1 2 6 11 2261 2291 3222
 1 2 6 12 23 29 51
 1 2 6 12 23 29 54
 1 2 6 12 23 29 2316
 1 2 6 12 23 29 2332
 1 2 6 12 23 51 2332
 1 2 6 12 23 54 2334
 1 2 6 12 23 2288 2289
 1 2 6 12 23 2288 2805
 1 2 6 12 29 51 2332
 1 2 6 12 29 54 2316
 1 2 6 12 29 54 3089
 1 2 6 12 30 53 2316
 1 2 6 12 30 75 2334
 1 2 6 12 30 2272 2288
 1 2 6 12 68 69 2332
 1 2 6 12 68 69 2334
 1 2 6 12 69 2288 2805
 1 2 6 12 75 2291 2334
 1 2 6 26 29 40 2349
 1 2 6 26 29 2325 2349
 1 2 6 27 30 2256 2295
 1 2 6 27 30 2256 2350
 1 2 6 27 30 2287 2868
 1 2 6 27 30 2289 2339
 1 2 6 27 30 2326 2350
 1 2 6 27 33 2250 2754
 1 6 10 13 25 31 2320
 1 6 10 13 25 31 2820
 1 6 10 13 25 40 2325
 1 6 10 13 25 40 2346
 1 6 10 13 25 40 2840
 1 6 10 13 25 2320 2820
 1 6 10 13 25 2589 3103
 1 6 10 13 25 2589 3444
 1 6 10 14 25 31 2304
 1 6 10 14 25 31 2320
 1 6 10 14 25 31 2981
 1 6 10 14 25 51 2304
 1 6 10 14 25 51 2317
 1 6 10 14 25 51 2320
 1 6 10 14 25 51 2417
 1 6 10 14 25 51 2820
 1 6 10 14 25 51 2981
 1 6 10 14 25 2291 2589
 1 6 10 14 25 2291 2840
 1 6 10 14 25 2320 2820
 1 6 10 14 25 2320 2981
 1 6 10 14 25 2359 2360
 1 6 10 14 50 73 2351
 1 6 10 14 50 2271 3096
 1 6 10 14 51 2274 3093
 1 6 10 14 51 2351 2352
 1 6 10 14 51 2351 3096
 1 6 10 14 2252 2322 3092
 1 6 10 23 50 2252 2315
 1 6 11 14 22 70 2291
 1 6 11 14 22 70 2350
 1 6 11 14 22 2291 2349
 1 6 11 14 41 70 2291
 1 6 11 14 41 70 3109
 1 6 11 14 41 2257 2362
 1 6 11 14 41 2257 3089
 1 6 11 14 2254 2351 2352
 1 6 11 14 2254 2460 3088
 1 6 11 22 25 2290 2294
 1 6 11 22 46 48 2312
 1 6 11 22 46 2271 2336
 1 6 11 23 35 55 73
