 1 2 3 4 6 7
 1 2 3 4 6 27
 1 2 3 4 6 2290
 1 2 3 4 6 2804
 1 2 3 4 2146 2520
 1 2 3 6 7 8
 1 2 3 6 7 9
 1 2 3 6 7 10
 1 2 3 6 7 12
 1 2 3 6 7 20
 1 2 3 6 7 26
 1 2 3 6 7 28
 1 2 3 6 7 29
 1 2 3 6 7 50
 1 2 3 6 7 68
 1 2 3 6 7 2248
 1 2 3 6 7 2251
 1 2 3 6 7 2304
 1 2 3 6 7 2324
 1 2 3 6 7 2328
 1 2 3 6 7 2540
 1 2 3 6 7 2806
 1 2 3 6 7 3089
 1 2 3 6 9 20
 1 2 3 6 9 21
 1 2 3 6 9 30
 1 2 3 6 9 33
 1 2 3 6 9 2324
 1 2 3 6 9 2328
 1 2 3 6 10 30
 1 2 3 6 10 50
 1 2 3 6 10 2288
 1 2 3 6 11 30
 1 2 3 6 11 41
 1 2 3 6 11 50
 1 2 3 6 11 75
 1 2 3 6 11 2289
 1 2 3 6 20 26
 1 2 3 6 20 30
 1 2 3 6 20 2296
 1 2 3 6 20 2328
 1 2 3 6 26 30
 1 2 3 6 26 33
 1 2 3 6 26 2290
 1 2 3 6 26 2296
 1 2 3 6 26 2303
 1 2 3 6 26 2324
 1 2 3 6 26 2328
 1 2 3 6 26 2804
 1 2 3 6 27 2289
 1 2 3 6 27 2291
 1 2 3 6 27 2295
 1 2 3 6 27 2302
 1 2 3 6 27 2326
 1 2 3 6 30 2291
 1 2 3 6 30 2295
 1 2 3 6 30 2324
 1 2 3 6 30 2566
 1 2 3 6 30 2806
 1 2 3 6 50 2297
 1 2 3 9 1525 2519
 1 2 3 9 1525 3583
 1 2 3 9 2291 2324
 1 2 3 9 2324 2335
 1 2 6 7 10 11
 1 2 6 7 10 12
 1 2 6 7 10 13
 1 2 6 7 10 14
 1 2 6 7 10 23
 1 2 6 7 10 24
 1 2 6 7 10 32
 1 2 6 7 10 33
 1 2 6 7 10 34
 1 2 6 7 10 40
 1 2 6 7 10 50
 1 2 6 7 10 54
 1 2 6 7 10 69
 1 2 6 7 10 890
 1 2 6 7 10 2248
 1 2 6 7 10 2249
 1 2 6 7 10 2250
 1 2 6 7 10 2252
 1 2 6 7 10 2253
 1 2 6 7 10 2254
 1 2 6 7 10 2255
 1 2 6 7 10 2256
 1 2 6 7 10 2262
 1 2 6 7 10 2272
 1 2 6 7 10 2315
 1 2 6 7 10 2316
 1 2 6 7 10 2344
 1 2 6 7 10 2460
 1 2 6 7 10 2471
 1 2 6 7 10 2549
 1 2 6 7 10 3088
 1 2 6 7 10 3220
 1 2 6 7 12 23
 1 2 6 7 12 53
 1 2 6 7 12 68
 1 2 6 7 12 69
 1 2 6 7 12 2248
 1 2 6 7 12 2249
 1 2 6 7 12 2251
 1 2 6 7 12 2254
 1 2 6 7 12 2257
 1 2 6 7 12 2260
 1 2 6 7 12 2265
 1 2 6 7 12 2752
 1 2 6 7 20 23
 1 2 6 7 20 24
 1 2 6 7 20 26
 1 2 6 7 20 28
 1 2 6 7 20 29
 1 2 6 7 20 30
 1 2 6 7 20 50
 1 2 6 7 20 69
 1 2 6 7 20 2249
 1 2 6 7 20 2250
 1 2 6 7 20 2256
 1 2 6 7 20 2262
 1 2 6 7 20 2296
 1 2 6 7 20 2309
 1 2 6 7 20 2310
 1 2 6 7 20 2328
 1 2 6 7 20 2329
 1 2 6 7 20 2332
 1 2 6 7 20 2333
 1 2 6 7 20 2344
 1 2 6 7 20 2345
 1 2 6 7 20 2349
 1 2 6 7 20 2362
 1 2 6 7 20 2369
 1 2 6 7 20 2544
 1 2 6 7 20 2567
 1 2 6 7 20 2755
 1 2 6 7 20 2756
 1 2 6 7 20 3088
 1 2 6 7 22 28
 1 2 6 7 22 68
 1 2 6 7 22 2249
 1 2 6 7 22 2752
 1 2 6 7 22 2753
 1 2 6 7 68 69
 1 2 6 7 68 2249
 1 2 6 7 68 2324
 1 2 6 7 68 2325
 1 2 6 7 68 2328
 1 2 6 7 68 2332
 1 2 6 7 68 2334
 1 2 6 7 68 2340
 1 2 6 7 68 2540
 1 2 6 7 68 2756
 1 2 6 7 68 3574
 1 2 6 7 334 2248
 1 2 6 7 334 2752
 1 2 6 7 2248 2253
 1 2 6 7 2248 2272
 1 2 6 7 2248 2304
 1 2 6 7 2249 2252
 1 2 6 7 2249 2304
 1 2 6 7 2249 2345
 1 2 6 7 2249 2369
 1 2 6 8 10 24
 1 2 6 8 10 33
 1 2 6 8 10 51
 1 2 6 8 10 54
 1 2 6 8 10 2255
 1 2 6 8 11 12
 1 2 6 8 11 24
 1 2 6 8 11 32
 1 2 6 8 11 33
 1 2 6 8 11 35
 1 2 6 8 11 41
 1 2 6 8 11 46
 1 2 6 8 11 53
 1 2 6 8 11 62
 1 2 6 8 11 67
 1 2 6 8 11 75
 1 2 6 8 11 2251
 1 2 6 8 11 2255
 1 2 6 8 11 2256
 1 2 6 8 11 2257
 1 2 6 8 11 2268
 1 2 6 8 11 2271
 1 2 6 8 11 2288
 1 2 6 8 11 2304
 1 2 6 8 11 2338
 1 2 6 8 11 2342
 1 2 6 8 11 2757
 1 2 6 8 20 24
 1 2 6 8 20 26
 1 2 6 8 20 33
 1 2 6 8 20 40
 1 2 6 8 20 43
 1 2 6 8 20 2324
 1 2 6 8 20 2325
 1 2 6 8 22 46
 1 2 6 8 22 2292
 1 2 6 8 22 2297
 1 2 6 8 22 2299
 1 2 6 8 24 33
 1 2 6 8 24 68
 1 2 6 8 24 2261
 1 2 6 8 24 2290
 1 2 6 8 24 2324
 1 2 6 8 24 2328
 1 2 6 8 24 2329
 1 2 6 8 24 2330
 1 2 6 8 24 2758
 1 2 6 8 33 75
 1 2 6 8 33 2251
 1 2 6 8 33 2253
 1 2 6 8 51 2261
 1 2 6 8 68 2306
 1 2 6 8 68 2324
 1 2 6 8 68 2332
 1 2 6 10 13 40
 1 2 6 10 13 2288
 1 2 6 10 13 2290
 1 2 6 10 13 2461
 1 2 6 10 14 50
 1 2 6 10 14 51
 1 2 6 10 14 67
 1 2 6 10 14 2288
 1 2 6 10 14 2289
 1 2 6 10 14 2322
 1 2 6 10 14 2323
 1 2 6 10 14 2362
 1 2 6 10 14 2719
 1 2 6 10 14 2851
 1 2 6 10 14 3092
 1 2 6 10 23 29
 1 2 6 10 23 50
 1 2 6 10 23 51
 1 2 6 10 23 2288
 1 2 6 10 23 2289
 1 2 6 10 23 2290
 1 2 6 10 23 2303
 1 2 6 10 29 32
 1 2 6 10 29 33
 1 2 6 10 29 40
 1 2 6 10 29 51
 1 2 6 10 29 54
 1 2 6 10 29 62
 1 2 6 10 29 67
 1 2 6 10 29 2288
 1 2 6 10 29 2315
 1 2 6 10 29 2316
 1 2 6 10 30 50
 1 2 6 10 30 54
 1 2 6 10 30 2252
 1 2 6 10 30 2256
 1 2 6 10 30 2269
 1 2 6 10 30 2272
 1 2 6 10 30 2339
 1 2 6 10 30 2343
 1 2 6 10 30 2471
 1 2 6 10 30 2549
 1 2 6 10 30 2757
 1 2 6 10 40 46
 1 2 6 10 40 54
 1 2 6 10 40 2250
 1 2 6 10 40 2252
 1 2 6 10 40 2365
 1 2 6 10 40 2752
 1 2 6 10 50 51
 1 2 6 10 51 2315
 1 2 6 10 51 2332
 1 2 6 10 51 2360
 1 2 6 10 51 2495
 1 2 6 10 51 2557
 1 2 6 10 890 2288
 1 2 6 10 2253 2288
 1 2 6 10 2288 3220
 1 2 6 11 23 29
 1 2 6 11 23 32
 1 2 6 11 23 50
 1 2 6 11 23 55
 1 2 6 11 23 2289
 1 2 6 11 23 2315
 1 2 6 11 23 2336
 1 2 6 11 28 41
 1 2 6 11 28 75
 1 2 6 11 28 2257
 1 2 6 11 28 2260
 1 2 6 11 29 32
 1 2 6 11 29 33
 1 2 6 11 29 35
 1 2 6 11 29 50
 1 2 6 11 29 62
 1 2 6 11 29 67
 1 2 6 11 29 75
 1 2 6 11 29 2255
 1 2 6 11 29 2257
 1 2 6 11 29 2268
 1 2 6 11 29 2272
 1 2 6 11 29 2288
 1 2 6 11 29 2304
 1 2 6 11 29 2306
 1 2 6 11 29 2315
 1 2 6 11 29 2332
 1 2 6 11 29 2338
 1 2 6 11 29 2342
 1 2 6 11 29 2366
 1 2 6 11 29 2382
 1 2 6 11 29 2470
 1 2 6 11 29 2548
 1 2 6 11 29 2757
 1 2 6 11 30 2255
 1 2 6 11 30 2268
 1 2 6 11 30 2288
 1 2 6 11 30 2315
 1 2 6 11 30 2342
 1 2 6 11 30 2757
 1 2 6 11 30 3089
 1 2 6 11 35 55
 1 2 6 11 35 2315
 1 2 6 11 35 2323
 1 2 6 11 41 46
 1 2 6 11 41 75
 1 2 6 11 41 2250
 1 2 6 11 41 2274
 1 2 6 11 41 2281
 1 2 6 11 41 2290
 1 2 6 11 41 2752
 1 2 6 11 50 2260
 1 2 6 11 50 2288
 1 2 6 11 50 2291
 1 2 6 11 75 2261
 1 2 6 11 75 2289
 1 2 6 11 75 2292
 1 2 6 11 75 2361
 1 2 6 11 75 2400
 1 2 6 11 75 3088
 1 2 6 11 75 3090
 1 2 6 11 75 3099
 1 2 6 11 75 3104
 1 2 6 11 2250 2304
 1 2 6 11 2250 2306
 1 2 6 11 2261 2291
 1 2 6 11 2261 2294
 1 2 6 11 2261 3222
 1 2 6 12 23 29
 1 2 6 12 23 51
 1 2 6 12 23 54
 1 2 6 12 23 2288
 1 2 6 12 23 2289
 1 2 6 12 23 2290
 1 2 6 12 23 2299
 1 2 6 12 23 2316
 1 2 6 12 23 2332
 1 2 6 12 23 2334
 1 2 6 12 23 2805
 1 2 6 12 29 51
 1 2 6 12 29 54
 1 2 6 12 29 2272
 1 2 6 12 29 2288
 1 2 6 12 29 2316
 1 2 6 12 29 2332
 1 2 6 12 29 2334
 1 2 6 12 30 53
 1 2 6 12 30 75
 1 2 6 12 30 2272
 1 2 6 12 30 2288
 1 2 6 12 30 2316
 1 2 6 12 30 2334
 1 2 6 12 30 3089
 1 2 6 12 46 51
 1 2 6 12 46 2271
 1 2 6 12 51 2292
 1 2 6 12 53 68
 1 2 6 12 54 69
 1 2 6 12 68 69
 1 2 6 12 68 2292
 1 2 6 12 68 2294
 1 2 6 12 69 2288
 1 2 6 12 69 2299
 1 2 6 12 69 2332
 1 2 6 12 69 2334
 1 2 6 12 69 2805
 1 2 6 12 74 2288
 1 2 6 12 74 2332
 1 2 6 12 74 2334
 1 2 6 12 75 2291
 1 2 6 12 75 2292
 1 2 6 12 75 2294
 1 2 6 12 2288 2291
 1 2 6 12 2291 2334
 1 2 6 20 26 30
 1 2 6 20 26 40
 1 2 6 20 26 2290
 1 2 6 20 26 2296
 1 2 6 20 26 2300
 1 2 6 20 26 2329
 1 2 6 20 28 40
 1 2 6 20 30 33
 1 2 6 20 30 50
 1 2 6 20 40 46
 1 2 6 26 29 40
 1 2 6 26 29 2290
 1 2 6 26 29 2325
 1 2 6 26 29 2349
 1 2 6 26 29 2366
 1 2 6 26 29 2868
 1 2 6 26 33 69
 1 2 6 26 33 2345
 1 2 6 26 33 2366
 1 2 6 26 40 69
 1 2 6 26 69 2328
 1 2 6 26 69 2329
 1 2 6 27 28 2752
 1 2 6 27 30 2256
 1 2 6 27 30 2287
 1 2 6 27 30 2289
 1 2 6 27 30 2326
 1 2 6 27 30 2350
 1 2 6 27 30 2367
 1 2 6 27 30 2868
 1 2 6 27 33 2250
 1 2 6 27 33 2752
 1 2 6 27 33 2754
 1 2 6 27 2250 2289
 1 2 6 27 2250 2302
 1 2 6 27 2250 2367
 1 2 6 27 2250 2368
 1 2 6 27 2250 2372
 1 2 6 27 2256 2291
 1 2 6 27 2256 2294
 1 2 6 27 2256 2295
 1 2 6 27 2262 2289
 1 2 6 27 2262 2360
 1 2 6 27 2282 2294
 1 2 6 27 2282 2568
 1 2 6 27 2282 2804
 1 2 6 27 2368 2461
 1 2 6 28 43 2297
 1 2 6 33 2250 2253
 1 2 6 33 2250 2754
 1 2 6 46 51 2754
 1 2 8 9 2307 3096
 1 2 8 12 19 2335
 1 2 8 12 51 2335
 1 2 8 12 2288 2805
 1 2 8 12 2299 3089
 1 2 8 26 33 2345
 1 2 8 26 43 3088
 1 2 28 2288 2291 2761
 1 6 10 13 25 31
 1 6 10 13 25 40
 1 6 10 13 25 2290
 1 6 10 13 25 2320
 1 6 10 13 25 2589
 1 6 10 13 25 2820
 1 6 10 13 25 3103
 1 6 10 13 2110 2458
 1 6 10 13 2110 3648
 1 6 10 13 2312 2820
 1 6 10 14 25 31
 1 6 10 14 25 51
 1 6 10 14 25 2291
 1 6 10 14 25 2296
 1 6 10 14 25 2320
 1 6 10 14 25 2359
 1 6 10 14 25 2360
 1 6 10 14 25 2589
 1 6 10 14 25 2820
 1 6 10 14 25 2927
 1 6 10 14 25 3103
 1 6 10 14 25 3106
 1 6 10 14 25 3444
 1 6 10 14 50 51
 1 6 10 14 50 73
 1 6 10 14 50 2271
 1 6 10 14 50 2351
 1 6 10 14 50 2352
 1 6 10 14 50 2843
 1 6 10 14 51 63
 1 6 10 14 51 2274
 1 6 10 14 51 2317
 1 6 10 14 51 2351
 1 6 10 14 51 2352
 1 6 10 14 51 3093
 1 6 10 14 51 3096
 1 6 10 14 2252 2322
 1 6 10 14 2252 2471
 1 6 10 14 2252 3092
 1 6 10 14 2252 3223
 1 6 10 14 2317 2820
 1 6 10 14 2317 2981
 1 6 10 14 2460 2546
 1 6 10 14 2460 3219
 1 6 10 23 25 29
 1 6 10 23 29 34
 1 6 10 23 29 2252
 1 6 10 23 29 2271
 1 6 10 23 29 2316
 1 6 10 23 29 2818
 1 6 10 23 29 2990
 1 6 10 23 31 50
 1 6 10 23 31 55
 1 6 10 23 31 2315
 1 6 10 23 50 2252
 1 6 10 23 50 2271
 1 6 10 23 50 2315
 1 6 10 23 50 2818
 1 6 10 23 50 2990
 1 6 11 14 22 70
 1 6 11 14 22 2291
 1 6 11 14 22 2349
 1 6 11 14 41 70
 1 6 11 14 41 2257
 1 6 11 14 41 2274
 1 6 11 14 41 2349
 1 6 11 14 41 3089
 1 6 11 14 2254 2351
 1 6 11 14 2254 2460
 1 6 11 14 2254 3088
 1 6 11 14 2254 3096
 1 6 11 14 2254 3219
 1 6 11 14 2255 2352
 1 6 11 14 2255 3088
 1 6 11 14 2320 2820
 1 6 11 14 2349 2350
 1 6 11 14 2460 3088
 1 6 11 22 25 49
 1 6 11 22 25 2290
 1 6 11 22 25 2291
 1 6 11 22 25 2294
 1 6 11 22 46 48
 1 6 11 22 46 2271
 1 6 11 22 46 2312
 1 6 11 22 46 2336
 1 6 11 22 48 49
 1 6 11 22 48 70
 1 6 11 23 30 2315
 1 6 11 23 32 2345
 1 6 11 23 32 2353
 1 6 11 23 35 55
 1 6 11 23 35 73
 1 6 11 23 35 2290
 1 6 11 23 35 2400
 1 6 11 23 35 3105
 1 6 11 23 37 2345
 1 6 11 23 37 2355
 1 6 11 23 46 2289
 1 6 11 23 46 2400
 1 6 11 23 46 3093
 1 6 11 23 50 2291
 1 6 11 23 2291 2315
 1 6 11 24 50 3089
 1 6 11 24 55 2336
 1 6 11 24 2315 2316
 1 6 11 24 2315 2382
 1 6 11 24 2336 2495
 1 6 11 25 35 55
 1 6 11 25 35 2253
 1 6 11 25 35 2320
 1 6 11 25 35 2366
 1 6 11 25 2288 2315
 1 6 11 32 69 2353
 1 6 11 32 70 2409
 1 6 11 32 70 3103
 1 6 11 32 2281 2367
 1 6 11 35 55 2320
 1 6 11 35 68 2272
 1 6 11 35 69 2361
 1 6 11 35 69 3093
 1 6 33 2271 2272 2356
 1 7 12 19 35 2250
 1 7 12 19 37 3089
 1 7 12 24 38 2251
 1 7 12 24 38 2316
 1 7 12 24 53 3089
