 1 2 3 4 6 7 8 9 2248
 1 2 3 4 6 7 8 9 3574
 1 2 3 4 6 7 8 26 27
 1 2 3 4 6 7 8 26 2248
 1 2 3 4 6 7 8 26 2250
 1 2 3 4 6 7 8 26 2290
 1 2 3 4 6 7 8 26 2804
 1 2 3 4 6 7 8 26 3088
 1 2 3 4 6 7 8 2248 2249
 1 2 3 4 6 7 8 2248 2804
 1 2 3 4 6 7 8 2248 3088
 1 2 3 4 6 7 8 2804 3088
 1 2 3 4 6 7 26 27 2288
 1 2 3 4 6 7 26 27 2289
 1 2 3 4 6 7 26 27 2804
 1 2 3 4 6 7 26 28 2250
 1 2 3 4 6 7 26 28 2290
 1 2 3 4 6 7 26 28 2752
 1 2 3 4 6 7 26 28 2804
 1 2 3 4 6 7 26 2290 2804
 1 2 3 4 6 7 26 2290 3088
 1 2 3 4 6 7 28 2248 2289
 1 2 3 4 6 7 28 2248 2804
 1 2 3 4 6 7 28 2289 2290
 1 2 3 4 6 7 28 2289 2804
 1 2 3 4 6 7 28 2289 3088
 1 2 3 4 6 7 28 2804 3088
 1 2 3 4 6 27 2289 2290 2804
 1 2 3 6 7 8 10 11 32
 1 2 3 6 7 8 10 11 55
 1 2 3 6 7 8 10 11 2248
 1 2 3 6 7 8 10 11 2249
 1 2 3 6 7 8 10 11 2253
 1 2 3 6 7 8 10 11 2254
 1 2 3 6 7 8 10 32 55
 1 2 3 6 7 8 10 32 2248
 1 2 3 6 7 8 10 32 2249
 1 2 3 6 7 8 10 32 2253
 1 2 3 6 7 8 10 32 2254
 1 2 3 6 7 8 10 33 55
 1 2 3 6 7 8 10 33 2248
 1 2 3 6 7 8 10 33 2249
 1 2 3 6 7 8 10 33 2253
 1 2 3 6 7 8 10 33 2254
 1 2 3 6 7 8 10 33 2304
 1 2 3 6 7 8 10 54 66
 1 2 3 6 7 8 10 54 2248
 1 2 3 6 7 8 10 54 2249
 1 2 3 6 7 8 10 54 2250
 1 2 3 6 7 8 10 54 2255
 1 2 3 6 7 8 10 54 2289
 1 2 3 6 7 8 10 2248 2249
 1 2 3 6 7 8 10 2248 2250
 1 2 3 6 7 8 10 2248 2252
 1 2 3 6 7 8 10 2248 2253
 1 2 3 6 7 8 10 2248 2254
 1 2 3 6 7 8 10 2248 2255
 1 2 3 6 7 8 10 2250 2252
 1 2 3 6 7 8 10 2250 2254
 1 2 3 6 7 8 10 2250 2752
 1 2 3 6 7 8 10 2252 2255
 1 2 3 6 7 8 10 2254 2288
 1 2 3 6 7 8 20 26 2248
 1 2 3 6 7 8 20 26 2250
 1 2 3 6 7 8 20 26 2269
 1 2 3 6 7 8 20 26 2373
 1 2 3 6 7 8 20 26 2755
 1 2 3 6 7 8 20 68 2248
 1 2 3 6 7 8 20 68 2250
 1 2 3 6 7 8 20 68 2256
 1 2 3 6 7 8 20 68 2756
 1 2 3 6 7 8 20 2248 2249
 1 2 3 6 7 8 20 2248 2256
 1 2 3 6 7 8 20 2248 2269
 1 2 3 6 7 8 20 2248 2303
 1 2 3 6 7 8 20 2248 2373
 1 2 3 6 7 8 20 2248 2755
 1 2 3 6 7 8 20 2248 2756
 1 2 3 6 7 8 20 2248 3088
 1 2 3 6 7 8 20 2250 2752
 1 2 3 6 7 8 20 2250 2755
 1 2 3 6 7 8 20 2256 2756
 1 2 3 6 7 8 20 2256 3088
 1 2 3 6 7 8 20 2373 2755
 1 2 3 6 7 8 68 2248 2540
 1 2 3 6 7 8 68 2248 2756
 1 2 3 6 7 8 68 2248 3574
 1 2 3 6 7 8 68 2540 3092
 1 2 3 6 7 8 2248 2249 2250
 1 2 3 6 7 8 2248 2249 2252
 1 2 3 6 7 8 2248 2249 2304
 1 2 3 6 7 8 2248 2249 2306
 1 2 3 6 7 8 2248 2249 2755
 1 2 3 6 7 8 2248 2251 2306
 1 2 3 6 7 9 20 21 29
 1 2 3 6 7 9 20 21 32
 1 2 3 6 7 9 20 21 2254
 1 2 3 6 7 9 20 21 2291
 1 2 3 6 7 9 20 21 2324
 1 2 3 6 7 9 20 21 2328
 1 2 3 6 7 9 20 22 2250
 1 2 3 6 7 9 20 22 2255
 1 2 3 6 7 9 20 22 2256
 1 2 3 6 7 9 20 22 2752
 1 2 3 6 7 9 20 22 2756
 1 2 3 6 7 9 20 22 3088
 1 2 3 6 7 9 20 29 33
 1 2 3 6 7 9 20 30 2324
 1 2 3 6 7 9 20 33 2324
 1 2 3 6 7 9 20 33 2328
 1 2 3 6 7 9 20 2324 2328
 1 2 3 6 7 9 22 2248 2255
 1 2 3 6 7 9 22 2248 2756
 1 2 3 6 7 9 22 2255 2756
 1 2 3 6 7 9 22 2756 3088
 1 2 3 6 7 9 2248 2324 2328
 1 2 3 6 7 10 11 29 30
 1 2 3 6 7 10 11 29 50
 1 2 3 6 7 10 11 29 2254
 1 2 3 6 7 10 11 29 2255
 1 2 3 6 7 10 11 29 2256
 1 2 3 6 7 10 11 29 2272
 1 2 3 6 7 10 11 29 2288
 1 2 3 6 7 10 11 50 2248
 1 2 3 6 7 10 11 50 2254
 1 2 3 6 7 10 11 50 2288
 1 2 3 6 7 10 11 2248 2254
 1 2 3 6 7 10 11 2248 2288
 1 2 3 6 7 10 12 29 30
 1 2 3 6 7 10 12 29 2254
 1 2 3 6 7 10 12 29 2255
 1 2 3 6 7 10 12 29 2256
 1 2 3 6 7 10 12 29 2272
 1 2 3 6 7 10 12 29 2288
 1 2 3 6 7 10 12 30 2254
 1 2 3 6 7 10 12 30 2255
 1 2 3 6 7 10 12 30 2256
 1 2 3 6 7 10 12 30 2272
 1 2 3 6 7 10 12 30 2288
 1 2 3 6 7 10 12 30 2757
 1 2 3 6 7 10 12 2248 2255
 1 2 3 6 7 10 12 2248 2272
 1 2 3 6 7 10 12 2248 2288
 1 2 3 6 7 10 12 2248 2289
 1 2 3 6 7 10 12 2249 2250
 1 2 3 6 7 10 12 2249 2252
 1 2 3 6 7 10 12 2249 2289
 1 2 3 6 7 10 12 2250 2289
 1 2 3 6 7 10 12 2250 2752
 1 2 3 6 7 10 12 2252 2289
 1 2 3 6 7 10 29 30 54
 1 2 3 6 7 10 29 30 66
 1 2 3 6 7 10 29 30 2256
 1 2 3 6 7 10 29 30 2288
 1 2 3 6 7 10 29 30 2291
 1 2 3 6 7 10 29 30 2343
 1 2 3 6 7 10 29 50 2256
 1 2 3 6 7 10 29 50 2288
 1 2 3 6 7 10 29 54 2269
 1 2 3 6 7 10 29 54 2367
 1 2 3 6 7 10 29 66 2367
 1 2 3 6 7 10 29 2256 2288
 1 2 3 6 7 10 29 2256 2757
 1 2 3 6 7 10 30 50 2254
 1 2 3 6 7 10 30 50 2255
 1 2 3 6 7 10 30 50 2288
 1 2 3 6 7 10 30 50 2291
 1 2 3 6 7 10 30 50 2757
 1 2 3 6 7 10 30 54 2269
 1 2 3 6 7 10 30 54 2291
 1 2 3 6 7 10 30 54 2343
 1 2 3 6 7 10 30 54 2367
 1 2 3 6 7 10 30 66 2269
 1 2 3 6 7 10 30 66 2343
 1 2 3 6 7 10 30 66 2367
 1 2 3 6 7 10 30 2254 2256
 1 2 3 6 7 10 30 2254 2272
 1 2 3 6 7 10 30 2254 2288
 1 2 3 6 7 10 30 2254 2291
 1 2 3 6 7 10 30 2254 2757
 1 2 3 6 7 10 30 2255 2272
 1 2 3 6 7 10 30 2255 2288
 1 2 3 6 7 10 30 2256 2272
 1 2 3 6 7 10 30 2256 2288
 1 2 3 6 7 10 30 2256 2291
 1 2 3 6 7 10 30 2256 2757
 1 2 3 6 7 10 30 2269 2291
 1 2 3 6 7 10 30 2269 2367
 1 2 3 6 7 10 30 2272 2288
 1 2 3 6 7 10 30 2272 2291
 1 2 3 6 7 10 30 2272 2757
 1 2 3 6 7 10 30 2288 2291
 1 2 3 6 7 10 30 2288 2757
 1 2 3 6 7 10 30 2291 2367
 1 2 3 6 7 10 30 2343 2367
 1 2 3 6 7 10 32 54 2367
 1 2 3 6 7 10 32 55 2288
 1 2 3 6 7 10 33 55 2248
 1 2 3 6 7 10 33 55 2288
 1 2 3 6 7 10 33 55 2304
 1 2 3 6 7 10 33 2248 2288
 1 2 3 6 7 10 33 2248 2304
 1 2 3 6 7 10 33 2253 2288
 1 2 3 6 7 10 33 2253 2304
 1 2 3 6 7 10 33 2288 2304
 1 2 3 6 7 10 34 54 2289
 1 2 3 6 7 10 34 66 2248
 1 2 3 6 7 10 40 54 2248
 1 2 3 6 7 10 40 54 2289
 1 2 3 6 7 10 40 2248 2289
 1 2 3 6 7 10 40 2252 2289
 1 2 3 6 7 10 50 2248 2288
 1 2 3 6 7 10 50 2254 2288
 1 2 3 6 7 10 54 2248 2289
 1 2 3 6 7 10 55 2248 2288
 1 2 3 6 7 12 53 2248 2290
 1 2 3 6 7 12 53 2249 2250
 1 2 3 6 7 12 53 2249 2290
 1 2 3 6 7 12 53 2249 2752
 1 2 3 6 7 12 53 2250 2290
 1 2 3 6 7 12 53 2250 2752
 1 2 3 6 7 12 53 2256 2290
 1 2 3 6 7 12 53 2290 2752
 1 2 3 6 7 12 65 75 2291
 1 2 3 6 7 12 75 2265 2291
 1 2 3 6 7 12 75 2265 2334
 1 2 3 6 7 12 75 2265 2340
 1 2 3 6 7 12 75 2265 3089
 1 2 3 6 7 12 75 2291 2334
 1 2 3 6 7 12 75 2291 2340
 1 2 3 6 7 12 75 2334 2340
 1 2 3 6 7 12 2249 2250 2289
 1 2 3 6 7 12 2249 2250 2752
 1 2 3 6 7 12 2249 2252 2289
 1 2 3 6 7 12 2249 2252 2752
 1 2 3 6 7 12 2249 2289 2752
 1 2 3 6 7 12 2249 2290 2752
 1 2 3 6 7 12 2251 2290 2752
 1 2 3 6 7 12 2254 2272 2288
 1 2 3 6 7 12 2254 2272 2291
 1 2 3 6 7 12 2254 2272 2757
 1 2 3 6 7 12 2254 2291 2757
 1 2 3 6 7 12 2272 2288 2757
 1 2 3 6 7 12 2272 2291 2757
 1 2 3 6 7 20 26 29 2296
 1 2 3 6 7 20 26 29 2349
 1 2 3 6 7 20 29 68 2328
 1 2 3 6 7 26 29 30 2291
 1 2 3 6 7 26 29 30 2296
 1 2 3 6 7 26 29 30 2325
 1 2 3 6 7 26 29 30 2349
 1 2 3 6 7 26 29 30 2366
 1 2 3 6 7 26 29 30 2868
 1 2 3 6 7 26 29 2325 2349
 1 2 3 6 7 26 30 2296 2325
 1 2 3 6 7 26 30 2325 2349
 1 2 3 6 7 26 2248 2290 2804
 1 2 3 6 7 29 30 2291 2324
 1 2 3 6 7 29 30 2291 2566
 1 2 3 6 9 20 30 33 2291
 1 2 3 6 9 20 30 33 2324
 1 2 3 6 9 20 30 33 2328
 1 2 3 6 9 20 30 2291 2328
 1 2 3 6 9 20 33 2324 2328
 1 2 3 6 9 21 30 32 2291
 1 2 3 6 9 21 30 32 2324
 1 2 3 6 9 21 30 32 2328
 1 2 3 6 9 21 30 2291 2328
 1 2 3 6 9 21 32 2324 2328
 1 2 3 6 9 21 2291 2324 2328
 1 2 3 6 9 30 33 2291 2328
 1 2 3 6 9 30 33 2324 2328
 1 2 3 6 9 30 2291 2324 2328
 1 2 3 6 10 30 54 2291 2367
 1 2 3 6 10 30 2256 2288 2291
 1 2 3 6 10 30 2256 2291 2757
 1 2 3 6 11 30 2255 2288 2291
 1 2 3 6 11 30 2255 2291 2757
 1 2 3 6 26 30 2291 2325 2349
 1 2 6 7 10 11 13 35 43
 1 2 6 7 10 11 13 35 2248
 1 2 6 7 10 11 13 35 2461
 1 2 6 7 10 11 13 43 2248
 1 2 6 7 10 11 13 43 2250
 1 2 6 7 10 11 13 43 2254
 1 2 6 7 10 11 13 43 2461
 1 2 6 7 10 11 13 43 3088
 1 2 6 7 10 11 13 2248 2254
 1 2 6 7 10 11 13 2248 2256
 1 2 6 7 10 11 13 2248 2461
 1 2 6 7 10 11 13 2248 3088
 1 2 6 7 10 11 13 2250 2256
 1 2 6 7 10 11 13 2250 2461
 1 2 6 7 10 11 13 2250 3088
 1 2 6 7 10 11 13 2461 3088
 1 2 6 7 10 11 13 2461 3220
 1 2 6 7 10 11 23 62 2248
 1 2 6 7 10 11 23 62 2254
 1 2 6 7 10 11 23 62 2289
 1 2 6 7 10 11 23 62 2290
 1 2 6 7 10 11 23 2248 2288
 1 2 6 7 10 11 23 2248 2289
 1 2 6 7 10 11 23 2248 2290
 1 2 6 7 10 11 23 2248 2400
 1 2 6 7 10 11 23 2290 2400
 1 2 6 7 10 11 50 74 2248
 1 2 6 7 10 11 50 2248 2254
 1 2 6 7 10 11 50 2255 2288
 1 2 6 7 10 11 890 2248 2254
 1 2 6 7 10 11 2248 2253 2254
 1 2 6 7 10 11 2248 2254 2288
 1 2 6 7 10 11 2248 2254 2289
 1 2 6 7 10 12 23 24 2248
 1 2 6 7 10 12 23 24 2257
 1 2 6 7 10 12 23 24 2288
 1 2 6 7 10 12 23 24 2289
 1 2 6 7 10 12 23 24 2290
 1 2 6 7 10 12 23 24 2400
 1 2 6 7 10 12 23 24 2805
 1 2 6 7 10 12 23 35 2252
 1 2 6 7 10 12 23 35 2315
 1 2 6 7 10 12 23 35 2316
 1 2 6 7 10 12 23 35 3089
 1 2 6 7 10 12 23 69 2248
 1 2 6 7 10 12 23 69 2288
 1 2 6 7 10 12 23 69 2290
 1 2 6 7 10 12 23 2248 2289
 1 2 6 7 10 12 23 2248 2290
 1 2 6 7 10 12 23 2290 2400
 1 2 6 7 10 12 23 2290 2805
 1 2 6 7 10 12 23 2316 3089
 1 2 6 7 10 12 24 69 2248
 1 2 6 7 10 12 24 69 2290
 1 2 6 7 10 12 24 69 2805
 1 2 6 7 10 12 24 2248 2257
 1 2 6 7 10 12 24 2248 2290
 1 2 6 7 10 12 24 2248 2400
 1 2 6 7 10 12 24 2248 2805
 1 2 6 7 10 12 24 2254 2288
 1 2 6 7 10 12 24 2254 2290
 1 2 6 7 10 12 24 2254 2400
 1 2 6 7 10 12 24 2254 2805
 1 2 6 7 10 12 24 2257 2290
 1 2 6 7 10 12 24 2257 2400
 1 2 6 7 10 12 24 2288 2400
 1 2 6 7 10 12 34 35 2248
 1 2 6 7 10 12 34 35 2315
 1 2 6 7 10 12 34 35 3089
 1 2 6 7 10 12 35 2252 2315
 1 2 6 7 10 12 35 2315 2316
 1 2 6 7 10 12 35 2315 3089
 1 2 6 7 10 12 35 2316 3089
 1 2 6 7 10 12 69 2254 2288
 1 2 6 7 10 12 2249 2250 2752
 1 2 6 7 10 13 34 49 2252
 1 2 6 7 10 13 34 49 2323
 1 2 6 7 10 13 34 49 2337
 1 2 6 7 10 13 34 49 2343
 1 2 6 7 10 13 34 49 2674
 1 2 6 7 10 13 34 54 2323
 1 2 6 7 10 13 34 54 2471
 1 2 6 7 10 13 34 54 2674
 1 2 6 7 10 13 34 2323 2674
 1 2 6 7 10 13 34 2471 3223
 1 2 6 7 10 13 40 54 2257
 1 2 6 7 10 13 40 54 2471
 1 2 6 7 10 13 40 2252 2257
 1 2 6 7 10 13 40 2252 3089
 1 2 6 7 10 13 40 2257 2471
 1 2 6 7 10 13 40 2471 3089
 1 2 6 7 10 13 40 2471 3223
 1 2 6 7 10 13 49 2256 2461
 1 2 6 7 10 13 49 2256 3088
 1 2 6 7 10 13 49 2343 2674
 1 2 6 7 10 13 49 2461 3220
 1 2 6 7 10 13 2248 2256 2290
 1 2 6 7 10 13 2248 2256 2461
 1 2 6 7 10 13 2248 2323 2674
 1 2 6 7 10 13 2248 2461 3220
 1 2 6 7 10 13 2250 2254 2256
 1 2 6 7 10 13 2250 2254 2288
 1 2 6 7 10 13 2250 2254 2290
 1 2 6 7 10 13 2250 2254 2461
 1 2 6 7 10 13 2250 2254 3088
 1 2 6 7 10 13 2250 2256 2290
 1 2 6 7 10 13 2250 2256 2461
 1 2 6 7 10 13 2250 2256 3088
 1 2 6 7 10 13 2250 2337 2674
 1 2 6 7 10 13 2254 2288 2461
 1 2 6 7 10 13 2254 2290 2461
 1 2 6 7 10 13 2254 2290 3088
 1 2 6 7 10 13 2254 2461 3220
 1 2 6 7 10 13 2256 2290 2461
 1 2 6 7 10 13 2256 2290 3088
 1 2 6 7 10 13 2256 2461 3088
 1 2 6 7 10 13 2323 2337 2674
 1 2 6 7 10 14 48 54 55
 1 2 6 7 10 14 48 54 67
 1 2 6 7 10 14 48 54 2322
 1 2 6 7 10 14 48 54 3092
 1 2 6 7 10 14 48 55 66
 1 2 6 7 10 14 48 55 67
 1 2 6 7 10 14 48 55 2248
 1 2 6 7 10 14 48 55 2322
 1 2 6 7 10 14 48 55 2323
 1 2 6 7 10 14 48 55 3092
 1 2 6 7 10 14 48 66 2248
 1 2 6 7 10 14 48 66 2322
 1 2 6 7 10 14 48 66 3092
 1 2 6 7 10 14 48 67 2248
 1 2 6 7 10 14 48 67 2322
 1 2 6 7 10 14 48 67 2323
 1 2 6 7 10 14 48 67 3092
 1 2 6 7 10 14 48 2248 2323
 1 2 6 7 10 14 48 2248 3088
 1 2 6 7 10 14 48 2248 3092
 1 2 6 7 10 14 48 2248 3219
 1 2 6 7 10 14 48 2252 3092
 1 2 6 7 10 14 48 2254 3088
 1 2 6 7 10 14 48 2254 3219
 1 2 6 7 10 14 48 2255 3088
 1 2 6 7 10 14 48 2255 3219
 1 2 6 7 10 14 48 2322 2323
 1 2 6 7 10 14 55 67 2322
 1 2 6 7 10 14 55 67 3092
 1 2 6 7 10 14 55 2322 2323
 1 2 6 7 10 14 2248 2322 2323
 1 2 6 7 10 14 2254 2288 2460
 1 2 6 7 10 14 2254 2288 3088
 1 2 6 7 10 14 2254 2288 3219
 1 2 6 7 10 14 2254 2289 2460
 1 2 6 7 10 14 2254 2289 3088
 1 2 6 7 10 14 2254 2289 3219
 1 2 6 7 10 14 2255 2289 2460
 1 2 6 7 10 14 2255 2289 3088
 1 2 6 7 10 14 2255 2289 3219
 1 2 6 7 10 23 29 34 50
 1 2 6 7 10 23 29 34 2252
 1 2 6 7 10 23 29 34 2315
 1 2 6 7 10 23 29 34 2316
 1 2 6 7 10 23 29 50 54
 1 2 6 7 10 23 29 50 62
 1 2 6 7 10 23 29 50 66
 1 2 6 7 10 23 29 50 2316
 1 2 6 7 10 23 29 54 2316
 1 2 6 7 10 23 29 2252 2316
 1 2 6 7 10 23 32 54 55
 1 2 6 7 10 23 32 69 2303
 1 2 6 7 10 23 32 2252 2303
 1 2 6 7 10 23 32 2303 2344
 1 2 6 7 10 23 34 50 2315
 1 2 6 7 10 23 34 50 2316
 1 2 6 7 10 23 50 54 62
 1 2 6 7 10 23 50 54 2248
 1 2 6 7 10 23 50 54 2315
 1 2 6 7 10 23 50 54 2316
 1 2 6 7 10 23 50 66 2315
 1 2 6 7 10 23 54 55 2248
 1 2 6 7 10 23 54 69 2303
 1 2 6 7 10 23 54 2303 2344
 1 2 6 7 10 23 62 2254 2290
 1 2 6 7 10 23 62 2288 2290
 1 2 6 7 10 23 2252 2303 2344
 1 2 6 7 10 23 2254 2288 2290
 1 2 6 7 10 24 30 2333 2339
 1 2 6 7 10 24 30 2333 2471
 1 2 6 7 10 24 30 2333 2549
 1 2 6 7 10 24 32 2252 2303
 1 2 6 7 10 24 32 2252 2337
 1 2 6 7 10 24 54 2303 2344
 1 2 6 7 10 24 54 2305 2471
 1 2 6 7 10 24 54 2305 2549
 1 2 6 7 10 24 54 2333 2549
 1 2 6 7 10 24 62 2288 2290
 1 2 6 7 10 24 62 2288 2805
 1 2 6 7 10 24 2252 2303 2344
 1 2 6 7 10 24 2252 2333 2549
 1 2 6 7 10 24 2288 2400 2805
 1 2 6 7 10 32 34 69 2344
 1 2 6 7 12 23 29 54 2316
 1 2 6 7 12 23 53 68 2340
 1 2 6 7 12 23 54 68 2334
 1 2 6 7 12 23 54 68 2340
 1 2 6 7 12 23 2254 2288 2289
 1 2 6 7 12 23 2254 2288 2400
 1 2 6 7 12 68 69 2299 2334
 1 2 6 7 12 68 69 2299 3089
 1 2 6 7 12 68 2257 2299 2334
 1 2 6 7 12 68 2257 2299 2340
 1 2 6 7 12 68 2257 2299 3089
 1 2 6 7 12 69 2254 2288 2400
 1 2 6 8 10 24 54 2303 2344
 1 2 6 8 10 24 54 2337 2344
 1 2 6 8 10 24 62 2290 2805
 1 2 6 8 11 12 2250 2251 2306
 1 2 6 8 11 24 53 2336 2345
 1 2 6 8 11 32 35 2271 2344
 1 2 6 8 11 32 35 2344 2345
 1 2 6 8 11 32 35 2344 3093
 1 2 6 8 11 32 81 2344 3093
 1 2 6 8 11 46 67 75 3090
 1 2 6 10 14 51 74 2351 3096
 1 6 10 13 25 40 2346 2349 2840
