 1 2 3
 1 2 6
 1 2 8
 1 2 28
 1 2 328
 1 2 1520
 1 2 2253
 1 2 2288
 1 2 2289
 1 2 2300
 1 2 2400
 1 2 2530
 1 2 2532
 1 2 2790
 1 6 10
 1 6 11
 1 6 20
 1 6 33
 1 6 220
 1 6 223
 1 6 334
 1 6 1342
 1 6 2250
 1 6 2256
 1 6 2271
 1 6 2304
 1 6 2306
 1 6 2310
 1 6 2324
 1 6 2375
 1 6 2461
 1 6 2495
 1 6 2523
 1 6 2542
 1 6 2708
 1 6 2755
 1 7 12
 1 7 18
 1 7 21
 1 7 22
 1 7 32
 1 7 34
 1 7 47
 1 7 334
 1 7 1482
 1 7 2253
 1 7 2256
 1 7 2266
 1 7 2272
 1 7 2304
 1 7 2305
 1 7 2309
 1 7 2320
 1 7 2326
 1 7 2335
 1 7 2345
 1 7 2460
 1 7 2482
 1 7 2544
 1 7 2566
 1 7 2832
 1 27 2250
 1 27 2253
 1 27 2262
 1 27 2282
 1 27 2291
 1 27 2292
 1 27 2295
 1 27 2301
 1 27 2339
 1 27 2410
 1 208 2308
 1 208 2327
 1 328 2314
 1 328 2518
 1 1478 2314
 1 1519 2250
 1 1519 2269
 1 2250 2288
 1 2250 2295
 1 2250 2298
 1 2250 2304
 1 2288 2309
 1 2288 2311
 1 2288 2312
 1 2293 2318
 1 2293 2326
