 1 2 3 4
 1 2 3 6
 1 2 3 9
 1 2 3 1521
 1 2 3 2288
 1 2 3 2291
 1 2 3 2801
 1 2 6 7
 1 2 6 8
 1 2 6 10
 1 2 6 11
 1 2 6 12
 1 2 6 20
 1 2 6 26
 1 2 6 27
 1 2 6 28
 1 2 6 33
 1 2 6 46
 1 2 6 334
 1 2 6 2253
 1 2 6 2272
 1 2 6 2290
 1 2 6 2300
 1 2 6 2304
 1 2 6 2306
 1 2 6 2309
 1 2 6 2310
 1 2 6 2328
 1 2 6 2461
 1 2 6 2540
 1 2 6 2544
 1 2 6 2566
 1 2 6 2807
 1 2 8 9
 1 2 8 12
 1 2 8 19
 1 2 8 22
 1 2 8 26
 1 2 8 32
 1 2 8 51
 1 2 8 62
 1 2 8 1524
 1 2 8 2288
 1 2 8 2297
 1 2 8 2304
 1 2 8 2305
 1 2 8 2307
 1 2 8 2317
 1 2 8 2328
 1 2 8 2332
 1 2 8 2532
 1 2 28 2288
 1 2 28 2291
 1 2 28 2292
 1 2 28 2297
 1 2 328 2314
 1 2 328 2518
 1 2 1520 2253
 1 2 1520 2748
 1 2 2253 2292
 1 2 2288 2311
 1 2 2288 2400
 1 6 10 13
 1 6 10 14
 1 6 10 23
 1 6 10 890
 1 6 10 1342
 1 6 10 2250
 1 6 10 2252
 1 6 10 2262
 1 6 10 2315
 1 6 10 2471
 1 6 10 2719
 1 6 10 2817
 1 6 10 3220
 1 6 11 14
 1 6 11 22
 1 6 11 23
 1 6 11 24
 1 6 11 25
 1 6 11 32
 1 6 11 35
 1 6 11 41
 1 6 11 46
 1 6 11 68
 1 6 11 69
 1 6 11 70
 1 6 11 890
 1 6 11 2250
 1 6 11 2253
 1 6 11 2255
 1 6 11 2257
 1 6 11 2258
 1 6 11 2272
 1 6 11 2274
 1 6 11 2312
 1 6 11 2315
 1 6 11 2316
 1 6 11 2344
 1 6 11 2349
 1 6 11 2350
 1 6 11 2353
 1 6 11 2355
 1 6 11 2460
 1 6 11 2461
 1 6 11 2464
 1 6 11 2466
 1 6 11 2470
 1 6 11 2495
 1 6 11 2551
 1 6 11 2557
 1 6 11 2752
 1 6 11 2820
 1 6 11 2847
 1 6 11 3094
 1 6 11 3222
 1 6 20 26
 1 6 20 220
 1 6 20 2250
 1 6 20 2262
 1 6 20 2290
 1 6 20 2296
 1 6 20 2304
 1 6 20 2328
 1 6 20 2332
 1 6 20 2359
 1 6 20 2540
 1 6 20 2755
 1 6 20 2804
 1 6 20 3088
 1 6 20 3089
 1 6 20 3098
 1 6 20 3138
 1 6 33 2250
 1 6 33 2253
 1 6 33 2271
 1 6 33 2272
 1 6 33 2281
 1 6 33 2287
 1 6 220 2308
 1 6 223 2307
 1 6 334 2752
 1 6 1342 2307
 1 6 1342 2668
 1 6 2250 2306
 1 6 2250 2368
 1 6 2271 2304
 1 6 2271 2306
 1 6 2271 2350
 1 7 12 19
 1 7 12 24
 1 7 12 35
 1 7 12 52
 1 7 18 32
 1 7 18 39
 1 7 18 2304
 1 7 18 2307
 1 7 21 28
 1 7 21 29
 1 7 21 41
 1 7 21 50
 1 7 21 2289
 1 7 21 2290
 1 7 21 2291
 1 7 21 2293
 1 7 21 2295
 1 7 21 2301
 1 7 21 2328
 1 7 21 2330
 1 7 21 2332
 1 7 21 2410
 1 7 21 2531
 1 7 21 2541
 1 7 22 35
 1 7 22 38
 1 7 32 58
 1 7 32 2253
 1 7 34 75
 1 7 34 2253
 1 7 34 2272
 1 7 34 2282
 1 7 34 2309
 1 7 34 2310
 1 7 34 2315
 1 7 34 2316
 1 7 34 2321
 1 7 34 2349
 1 7 34 2410
 1 7 47 2256
 1 7 47 2262
 1 7 47 2310
 1 7 47 2316
 1 7 47 2320
 1 7 47 2326
 1 7 47 2327
 1 27 2250 2289
 1 27 2250 2301
 1 27 2250 2302
 1 27 2250 2367
 1 27 2253 2293
 1 27 2262 2291
 1 27 2282 2291
 1 27 2282 2292
 1 27 2291 2315
 1 27 2291 2324
