 1 2 3 4 6 7 8 9
 1 2 3 4 6 7 8 26
 1 2 3 4 6 7 8 2248
 1 2 3 4 6 7 8 2804
 1 2 3 4 6 7 8 3088
 1 2 3 4 6 7 26 27
 1 2 3 4 6 7 26 28
 1 2 3 4 6 7 26 2290
 1 2 3 4 6 7 26 2804
 1 2 3 4 6 7 28 2248
 1 2 3 4 6 7 28 2289
 1 2 3 4 6 7 28 2804
 1 2 3 4 6 7 28 3088
 1 2 3 4 6 7 2248 2804
 1 2 3 4 6 7 2328 2868
 1 2 3 4 6 27 2288 2804
 1 2 3 4 6 27 2289 2290
 1 2 3 4 6 27 2289 2804
 1 2 3 4 6 2290 2804 3088
 1 2 3 6 7 8 10 11
 1 2 3 6 7 8 10 32
 1 2 3 6 7 8 10 33
 1 2 3 6 7 8 10 54
 1 2 3 6 7 8 10 2248
 1 2 3 6 7 8 10 2250
 1 2 3 6 7 8 10 2252
 1 2 3 6 7 8 10 2254
 1 2 3 6 7 8 20 26
 1 2 3 6 7 8 20 68
 1 2 3 6 7 8 20 2248
 1 2 3 6 7 8 20 2250
 1 2 3 6 7 8 20 2256
 1 2 3 6 7 8 20 2269
 1 2 3 6 7 8 20 2303
 1 2 3 6 7 8 20 2373
 1 2 3 6 7 8 20 2755
 1 2 3 6 7 8 68 2248
 1 2 3 6 7 8 68 2540
 1 2 3 6 7 8 68 2756
 1 2 3 6 7 8 68 3574
 1 2 3 6 7 8 2248 2249
 1 2 3 6 7 8 2248 2251
 1 2 3 6 7 8 2248 2253
 1 2 3 6 7 8 2248 2304
 1 2 3 6 7 8 2248 2518
 1 2 3 6 7 8 2248 3088
 1 2 3 6 7 8 2248 3574
 1 2 3 6 7 8 2251 2306
 1 2 3 6 7 9 20 21
 1 2 3 6 7 9 20 22
 1 2 3 6 7 9 20 29
 1 2 3 6 7 9 20 30
 1 2 3 6 7 9 20 33
 1 2 3 6 7 9 20 2324
 1 2 3 6 7 9 20 2328
 1 2 3 6 7 9 22 2248
 1 2 3 6 7 9 22 2255
 1 2 3 6 7 9 22 2756
 1 2 3 6 7 9 2248 2324
 1 2 3 6 7 9 2324 2328
 1 2 3 6 7 10 11 29
 1 2 3 6 7 10 11 50
 1 2 3 6 7 10 11 2248
 1 2 3 6 7 10 11 2288
 1 2 3 6 7 10 12 29
 1 2 3 6 7 10 12 30
 1 2 3 6 7 10 12 2248
 1 2 3 6 7 10 12 2249
 1 2 3 6 7 10 12 2250
 1 2 3 6 7 10 12 2252
 1 2 3 6 7 10 12 2288
 1 2 3 6 7 10 29 30
 1 2 3 6 7 10 29 50
 1 2 3 6 7 10 29 54
 1 2 3 6 7 10 29 66
 1 2 3 6 7 10 29 2256
 1 2 3 6 7 10 29 2288
 1 2 3 6 7 10 30 50
 1 2 3 6 7 10 30 54
 1 2 3 6 7 10 30 66
 1 2 3 6 7 10 30 2254
 1 2 3 6 7 10 30 2255
 1 2 3 6 7 10 30 2256
 1 2 3 6 7 10 30 2269
 1 2 3 6 7 10 30 2272
 1 2 3 6 7 10 30 2288
 1 2 3 6 7 10 30 2291
 1 2 3 6 7 10 30 2343
 1 2 3 6 7 10 30 2367
 1 2 3 6 7 10 30 2757
 1 2 3 6 7 10 32 54
 1 2 3 6 7 10 32 55
 1 2 3 6 7 10 32 2288
 1 2 3 6 7 10 33 55
 1 2 3 6 7 10 33 2248
 1 2 3 6 7 10 33 2253
 1 2 3 6 7 10 33 2288
 1 2 3 6 7 10 33 2304
 1 2 3 6 7 10 34 54
 1 2 3 6 7 10 34 66
 1 2 3 6 7 10 34 2289
 1 2 3 6 7 10 40 54
 1 2 3 6 7 10 40 2248
 1 2 3 6 7 10 40 2252
 1 2 3 6 7 10 40 2289
 1 2 3 6 7 10 50 2248
 1 2 3 6 7 10 50 2254
 1 2 3 6 7 10 50 2288
 1 2 3 6 7 10 54 2248
 1 2 3 6 7 10 54 2289
 1 2 3 6 7 10 55 2248
 1 2 3 6 7 10 55 2288
 1 2 3 6 7 10 66 2289
 1 2 3 6 7 10 2248 2288
 1 2 3 6 7 10 2248 2289
 1 2 3 6 7 10 2252 2289
 1 2 3 6 7 10 2254 2288
 1 2 3 6 7 12 53 2248
 1 2 3 6 7 12 53 2249
 1 2 3 6 7 12 53 2250
 1 2 3 6 7 12 53 2256
 1 2 3 6 7 12 53 2290
 1 2 3 6 7 12 53 2752
 1 2 3 6 7 12 65 75
 1 2 3 6 7 12 65 2250
 1 2 3 6 7 12 65 2290
 1 2 3 6 7 12 75 2248
 1 2 3 6 7 12 75 2265
 1 2 3 6 7 12 75 2291
 1 2 3 6 7 12 75 2334
 1 2 3 6 7 12 75 2340
 1 2 3 6 7 12 75 3089
 1 2 3 6 7 12 2249 2250
 1 2 3 6 7 12 2249 2252
 1 2 3 6 7 12 2249 2289
 1 2 3 6 7 12 2249 2290
 1 2 3 6 7 12 2249 2752
 1 2 3 6 7 12 2251 2290
 1 2 3 6 7 12 2251 2752
 1 2 3 6 7 12 2254 2272
 1 2 3 6 7 12 2254 2288
 1 2 3 6 7 12 2254 2291
 1 2 3 6 7 12 2254 2757
 1 2 3 6 7 12 2265 2334
 1 2 3 6 7 12 2265 3089
 1 2 3 6 7 12 2272 2288
 1 2 3 6 7 12 2272 2291
 1 2 3 6 7 12 2272 2757
 1 2 3 6 7 12 2288 2757
 1 2 3 6 7 12 2289 2752
 1 2 3 6 7 12 2291 2340
 1 2 3 6 7 12 2334 2340
 1 2 3 6 7 20 26 29
 1 2 3 6 7 20 26 2296
 1 2 3 6 7 20 26 2303
 1 2 3 6 7 20 29 68
 1 2 3 6 7 20 29 2296
 1 2 3 6 7 20 29 2328
 1 2 3 6 7 20 29 2349
 1 2 3 6 7 20 68 2328
 1 2 3 6 7 26 29 30
 1 2 3 6 7 26 29 2296
 1 2 3 6 7 26 29 2325
 1 2 3 6 7 26 29 2349
 1 2 3 6 7 26 29 2366
 1 2 3 6 7 26 29 2868
 1 2 3 6 7 26 30 2291
 1 2 3 6 7 26 30 2296
 1 2 3 6 7 26 30 2325
 1 2 3 6 7 26 30 2349
 1 2 3 6 7 26 30 2366
 1 2 3 6 7 26 2248 2290
 1 2 3 6 7 26 2248 2296
 1 2 3 6 7 26 2248 2303
 1 2 3 6 7 26 2248 2325
 1 2 3 6 7 26 2248 2804
 1 2 3 6 7 26 2290 2804
 1 2 3 6 7 26 2296 2325
 1 2 3 6 7 29 30 2291
 1 2 3 6 7 29 30 2295
 1 2 3 6 7 29 30 2324
 1 2 3 6 7 29 30 2566
 1 2 3 6 7 29 30 2806
 1 2 3 6 7 29 50 2753
 1 2 3 6 7 68 2324 2328
 1 2 3 6 9 20 30 33
 1 2 3 6 9 20 30 2291
 1 2 3 6 9 20 30 2328
 1 2 3 6 9 20 33 2324
 1 2 3 6 9 20 33 2328
 1 2 3 6 9 21 30 32
 1 2 3 6 9 21 30 2291
 1 2 3 6 9 21 30 2328
 1 2 3 6 9 21 32 2324
 1 2 3 6 9 21 32 2328
 1 2 3 6 9 21 2291 2324
 1 2 3 6 9 21 2291 2328
 1 2 3 6 9 21 2324 2328
 1 2 3 6 9 30 33 2291
 1 2 3 6 9 30 33 2324
 1 2 3 6 9 30 33 2328
 1 2 3 6 9 30 2291 2324
 1 2 3 6 9 30 2291 2328
 1 2 3 6 9 30 2324 2328
 1 2 3 6 9 33 2324 2328
 1 2 3 6 10 30 54 2291
 1 2 3 6 10 30 54 2367
 1 2 3 6 10 30 2256 2288
 1 2 3 6 10 30 2256 2291
 1 2 3 6 10 30 2288 2291
 1 2 3 6 10 30 2288 2757
 1 2 3 6 11 30 2255 2288
 1 2 3 6 11 30 2255 2291
 1 2 3 6 11 30 2288 2291
 1 2 3 6 11 30 2288 2757
 1 2 3 6 11 41 75 2332
 1 2 3 6 11 41 75 3095
 1 2 3 6 20 26 30 2291
 1 2 3 6 20 26 30 2296
 1 2 3 6 26 30 2291 2325
 1 2 3 6 26 30 2291 2349
 1 2 3 6 26 30 2291 2366
 1 2 3 6 26 30 2325 2349
 1 2 6 7 10 11 13 35
 1 2 6 7 10 11 13 43
 1 2 6 7 10 11 13 2248
 1 2 6 7 10 11 13 2250
 1 2 6 7 10 11 13 2461
 1 2 6 7 10 11 13 3088
 1 2 6 7 10 11 23 62
 1 2 6 7 10 11 23 2248
 1 2 6 7 10 11 23 2288
 1 2 6 7 10 11 23 2289
 1 2 6 7 10 11 23 2290
 1 2 6 7 10 11 23 2400
 1 2 6 7 10 11 50 74
 1 2 6 7 10 11 50 2248
 1 2 6 7 10 11 50 2255
 1 2 6 7 10 11 50 2288
 1 2 6 7 10 11 890 2248
 1 2 6 7 10 11 2248 2253
 1 2 6 7 10 11 2248 2254
 1 2 6 7 10 11 2248 2255
 1 2 6 7 10 11 2248 2272
 1 2 6 7 10 11 2248 3088
 1 2 6 7 10 12 23 24
 1 2 6 7 10 12 23 35
 1 2 6 7 10 12 23 69
 1 2 6 7 10 12 23 2248
 1 2 6 7 10 12 23 2252
 1 2 6 7 10 12 23 2288
 1 2 6 7 10 12 23 2289
 1 2 6 7 10 12 23 2290
 1 2 6 7 10 12 23 2316
 1 2 6 7 10 12 23 2400
 1 2 6 7 10 12 24 69
 1 2 6 7 10 12 24 2248
 1 2 6 7 10 12 24 2254
 1 2 6 7 10 12 24 2257
 1 2 6 7 10 12 24 2288
 1 2 6 7 10 12 24 2290
 1 2 6 7 10 12 24 2400
 1 2 6 7 10 12 24 2805
 1 2 6 7 10 12 34 35
 1 2 6 7 10 12 34 2248
 1 2 6 7 10 12 34 2249
 1 2 6 7 10 12 34 2250
 1 2 6 7 10 12 35 2248
 1 2 6 7 10 12 35 2252
 1 2 6 7 10 12 35 2315
 1 2 6 7 10 12 35 2316
 1 2 6 7 10 12 35 3089
 1 2 6 7 10 12 69 2248
 1 2 6 7 10 12 69 2254
 1 2 6 7 10 12 69 2288
 1 2 6 7 10 12 2249 2250
 1 2 6 7 10 12 2249 2252
 1 2 6 7 10 12 2250 2752
 1 2 6 7 10 12 2254 2288
 1 2 6 7 10 13 34 49
 1 2 6 7 10 13 34 54
 1 2 6 7 10 13 34 2323
 1 2 6 7 10 13 34 2471
 1 2 6 7 10 13 40 54
 1 2 6 7 10 13 40 2248
 1 2 6 7 10 13 40 2252
 1 2 6 7 10 13 40 2257
 1 2 6 7 10 13 40 2471
 1 2 6 7 10 13 40 3089
 1 2 6 7 10 13 49 2256
 1 2 6 7 10 13 49 2343
 1 2 6 7 10 13 49 2461
 1 2 6 7 10 13 2248 2256
 1 2 6 7 10 13 2248 2323
 1 2 6 7 10 13 2248 2461
 1 2 6 7 10 13 2248 2674
 1 2 6 7 10 13 2250 2254
 1 2 6 7 10 13 2250 2256
 1 2 6 7 10 13 2250 2337
 1 2 6 7 10 13 2250 2461
 1 2 6 7 10 13 2250 2674
 1 2 6 7 10 13 2250 3088
 1 2 6 7 10 13 2254 2288
 1 2 6 7 10 13 2254 2290
 1 2 6 7 10 13 2254 2461
 1 2 6 7 10 13 2256 2290
 1 2 6 7 10 13 2256 2461
 1 2 6 7 10 13 2256 3088
 1 2 6 7 10 13 2323 2337
 1 2 6 7 10 13 2323 2674
 1 2 6 7 10 13 2337 2674
 1 2 6 7 10 13 2461 3088
 1 2 6 7 10 13 2461 3220
 1 2 6 7 10 14 48 54
 1 2 6 7 10 14 48 55
 1 2 6 7 10 14 48 66
 1 2 6 7 10 14 48 67
 1 2 6 7 10 14 48 2248
 1 2 6 7 10 14 48 2252
 1 2 6 7 10 14 48 2254
 1 2 6 7 10 14 48 2255
 1 2 6 7 10 14 48 2322
 1 2 6 7 10 14 48 2323
 1 2 6 7 10 14 48 2460
 1 2 6 7 10 14 48 3088
 1 2 6 7 10 14 48 3092
 1 2 6 7 10 14 48 3219
 1 2 6 7 10 14 55 67
 1 2 6 7 10 14 55 2248
 1 2 6 7 10 14 55 2322
 1 2 6 7 10 14 55 3092
 1 2 6 7 10 14 2248 2322
 1 2 6 7 10 14 2248 2460
 1 2 6 7 10 14 2248 3088
 1 2 6 7 10 14 2248 3092
 1 2 6 7 10 14 2248 3219
 1 2 6 7 10 14 2249 2323
 1 2 6 7 10 14 2249 2460
 1 2 6 7 10 14 2249 3088
 1 2 6 7 10 14 2249 3092
 1 2 6 7 10 14 2249 3219
 1 2 6 7 10 14 2254 2288
 1 2 6 7 10 14 2254 2289
 1 2 6 7 10 14 2254 2460
 1 2 6 7 10 14 2254 3088
 1 2 6 7 10 14 2254 3219
 1 2 6 7 10 14 2255 2289
 1 2 6 7 10 14 2255 2460
 1 2 6 7 10 14 2255 3088
 1 2 6 7 10 14 2255 3219
 1 2 6 7 10 14 2322 2323
 1 2 6 7 10 23 29 34
 1 2 6 7 10 23 29 50
 1 2 6 7 10 23 29 54
 1 2 6 7 10 23 29 2252
 1 2 6 7 10 23 29 2315
 1 2 6 7 10 23 29 2316
 1 2 6 7 10 23 32 54
 1 2 6 7 10 23 32 55
 1 2 6 7 10 23 32 69
 1 2 6 7 10 23 32 2248
 1 2 6 7 10 23 32 2252
 1 2 6 7 10 23 32 2303
 1 2 6 7 10 23 32 2344
 1 2 6 7 10 23 34 50
 1 2 6 7 10 23 34 54
 1 2 6 7 10 23 34 55
 1 2 6 7 10 23 34 62
 1 2 6 7 10 23 34 2303
 1 2 6 7 10 23 50 54
 1 2 6 7 10 23 50 62
 1 2 6 7 10 23 50 66
 1 2 6 7 10 23 50 2248
 1 2 6 7 10 23 50 2252
 1 2 6 7 10 23 50 2315
 1 2 6 7 10 23 50 2316
 1 2 6 7 10 23 54 55
 1 2 6 7 10 23 54 62
 1 2 6 7 10 23 54 69
 1 2 6 7 10 23 54 2248
 1 2 6 7 10 23 54 2303
 1 2 6 7 10 23 54 2315
 1 2 6 7 10 23 54 2316
 1 2 6 7 10 23 54 2344
 1 2 6 7 10 23 55 2248
 1 2 6 7 10 23 55 2252
 1 2 6 7 10 23 62 2252
 1 2 6 7 10 23 62 2254
 1 2 6 7 10 23 62 2288
 1 2 6 7 10 23 62 2290
 1 2 6 7 10 23 62 2316
 1 2 6 7 10 23 66 2303
 1 2 6 7 10 23 66 2315
 1 2 6 7 10 23 69 2252
 1 2 6 7 10 23 69 2290
 1 2 6 7 10 23 69 2303
 1 2 6 7 10 23 2252 2303
 1 2 6 7 10 23 2252 2315
 1 2 6 7 10 23 2252 2316
 1 2 6 7 10 23 2252 2344
 1 2 6 7 10 23 2254 2288
 1 2 6 7 10 23 2254 2289
 1 2 6 7 10 23 2254 2290
 1 2 6 7 10 23 2288 2290
 1 2 6 7 10 23 2290 2400
 1 2 6 7 10 23 2303 2344
 1 2 6 7 10 24 30 2333
 1 2 6 7 10 24 30 2471
 1 2 6 7 10 24 30 2549
 1 2 6 7 10 24 32 69
 1 2 6 7 10 24 32 2252
 1 2 6 7 10 24 32 2303
 1 2 6 7 10 24 32 2337
 1 2 6 7 10 24 32 2344
 1 2 6 7 10 24 54 55
 1 2 6 7 10 24 54 2303
 1 2 6 7 10 24 54 2305
 1 2 6 7 10 24 54 2316
 1 2 6 7 10 24 54 2333
 1 2 6 7 10 24 54 2337
 1 2 6 7 10 24 54 2471
 1 2 6 7 10 24 54 2549
 1 2 6 7 10 24 62 2288
 1 2 6 7 10 24 62 2290
 1 2 6 7 10 24 62 2805
 1 2 6 7 10 24 2252 2303
 1 2 6 7 10 24 2252 2305
 1 2 6 7 10 24 2252 2333
 1 2 6 7 10 24 2252 2337
 1 2 6 7 10 24 2252 2339
 1 2 6 7 10 24 2252 2344
 1 2 6 7 10 24 2252 2471
 1 2 6 7 10 24 2252 2549
 1 2 6 7 10 24 2288 2290
 1 2 6 7 10 24 2288 2400
 1 2 6 7 10 24 2288 2805
 1 2 6 7 10 24 2290 2400
 1 2 6 7 10 24 2303 2344
 1 2 6 7 10 24 2305 2471
 1 2 6 7 10 24 2305 2549
 1 2 6 7 10 24 2333 2339
 1 2 6 7 10 24 2333 2549
 1 2 6 7 10 24 2400 2805
 1 2 6 7 10 32 34 69
 1 2 6 7 10 32 34 2248
 1 2 6 7 10 32 69 2344
 1 2 6 7 10 32 2250 2253
 1 2 6 7 10 32 2250 2254
 1 2 6 7 10 32 2254 2288
 1 2 6 7 10 33 2253 2752
 1 2 6 7 10 34 54 2315
 1 2 6 7 10 34 54 2316
 1 2 6 7 10 34 54 2344
 1 2 6 7 10 40 54 2249
 1 2 6 7 10 40 54 2250
 1 2 6 7 10 40 54 2752
 1 2 6 7 10 40 2249 2252
 1 2 6 7 10 50 54 62
 1 2 6 7 10 50 2254 2256
 1 2 6 7 10 890 2254 2288
 1 2 6 7 10 2250 2254 2288
 1 2 6 7 10 2253 2254 2288
 1 2 6 7 10 2254 2288 3220
 1 2 6 7 12 23 29 54
 1 2 6 7 12 23 29 2252
 1 2 6 7 12 23 29 2316
 1 2 6 7 12 23 53 68
 1 2 6 7 12 23 53 2334
 1 2 6 7 12 23 53 2340
 1 2 6 7 12 23 53 3089
 1 2 6 7 12 23 54 68
 1 2 6 7 12 23 54 2315
 1 2 6 7 12 23 54 2316
 1 2 6 7 12 23 54 2334
 1 2 6 7 12 23 54 2340
 1 2 6 7 12 23 54 3089
 1 2 6 7 12 23 66 2315
 1 2 6 7 12 23 66 2316
 1 2 6 7 12 23 66 3089
 1 2 6 7 12 23 68 2299
 1 2 6 7 12 23 68 2334
 1 2 6 7 12 23 68 2340
 1 2 6 7 12 23 2252 2315
 1 2 6 7 12 23 2252 3089
 1 2 6 7 12 23 2254 2288
 1 2 6 7 12 23 2254 2289
 1 2 6 7 12 23 2254 2400
 1 2 6 7 12 23 2288 2400
 1 2 6 7 12 23 2288 2805
 1 2 6 7 12 53 68 69
 1 2 6 7 12 53 68 2257
 1 2 6 7 12 53 68 2260
 1 2 6 7 12 53 68 2752
 1 2 6 7 12 68 69 2299
 1 2 6 7 12 68 69 2334
 1 2 6 7 12 68 69 3089
 1 2 6 7 12 68 2257 2299
 1 2 6 7 12 68 2257 2334
 1 2 6 7 12 68 2257 2340
 1 2 6 7 12 68 2257 3089
 1 2 6 7 12 68 2260 2299
 1 2 6 7 12 68 2294 2299
 1 2 6 7 12 68 2299 2752
 1 2 6 7 12 69 2254 2288
 1 2 6 7 12 69 2254 2400
 1 2 6 7 12 69 2254 2805
 1 2 6 7 12 69 2288 2805
 1 2 6 7 12 69 2299 3089
 1 2 6 7 12 2254 2257 2805
 1 2 6 7 12 2257 2299 2340
 1 2 6 7 12 2257 2299 3089
 1 2 6 7 20 23 26 2262
 1 2 6 7 20 23 28 2262
 1 2 6 7 20 23 28 2362
 1 2 6 7 20 23 2256 2332
 1 2 6 7 20 23 2329 2362
 1 2 6 7 20 23 2344 2863
 1 2 6 7 20 24 2289 2362
 1 2 6 7 20 26 69 2262
 1 2 6 7 20 26 2249 2369
 1 2 6 7 20 26 2249 2373
 1 2 6 7 68 69 2324 2863
 1 2 6 8 10 24 54 2303
 1 2 6 8 10 24 54 2337
 1 2 6 8 10 24 54 2344
 1 2 6 8 10 24 62 2288
 1 2 6 8 10 24 62 2290
 1 2 6 8 10 24 62 2805
 1 2 6 8 10 24 2288 2290
 1 2 6 8 10 24 2288 2805
 1 2 6 8 10 24 2290 2805
 1 2 6 8 10 33 2253 2304
 1 2 6 8 11 12 2250 2251
 1 2 6 8 11 12 2250 2306
 1 2 6 8 11 12 2251 2306
 1 2 6 8 11 12 2251 2752
 1 2 6 8 11 12 2257 2805
 1 2 6 8 11 24 33 53
 1 2 6 8 11 24 33 2251
 1 2 6 8 11 24 33 2302
 1 2 6 8 11 24 53 2336
 1 2 6 8 11 24 53 2345
 1 2 6 8 11 24 2251 2336
 1 2 6 8 11 24 2288 2289
 1 2 6 8 11 24 2288 2400
 1 2 6 8 11 24 2289 2400
 1 2 6 8 11 24 2289 2805
 1 2 6 8 11 24 2336 2345
 1 2 6 8 11 32 35 2271
 1 2 6 8 11 32 35 2344
 1 2 6 8 11 32 35 2345
 1 2 6 8 11 32 35 3093
 1 2 6 8 11 32 81 2344
 1 2 6 8 11 32 81 3093
 1 2 6 8 11 32 2271 2344
 1 2 6 8 11 32 2344 3093
 1 2 6 8 11 33 75 2268
 1 2 6 8 11 35 75 2361
 1 2 6 8 11 35 75 2400
 1 2 6 8 11 35 75 3105
 1 2 6 8 11 35 2271 2344
 1 2 6 8 11 35 2344 2345
 1 2 6 8 11 35 2344 3093
 1 2 6 8 11 46 67 75
 1 2 6 8 11 46 67 3090
 1 2 6 8 11 46 75 2342
 1 2 6 8 11 46 75 3090
 1 2 6 8 11 46 2255 2757
 1 2 6 8 11 67 75 3090
 1 2 6 8 11 67 2288 2752
 1 2 6 8 11 75 2268 3090
 1 2 6 8 20 24 26 40
 1 2 6 8 20 24 26 2329
 1 2 6 8 20 24 2324 2863
 1 2 6 8 20 24 2329 2362
 1 2 6 8 20 26 33 2324
 1 2 6 8 20 26 33 2345
 1 2 6 8 20 26 43 3088
 1 2 6 8 24 68 2324 2863
 1 2 6 10 13 40 46 2365
 1 2 6 10 13 40 46 2719
 1 2 6 10 13 40 2252 2471
 1 2 6 10 13 40 2329 2365
 1 2 6 10 13 40 2365 2719
 1 2 6 10 13 40 2471 3223
 1 2 6 10 13 2288 2461 3220
 1 2 6 10 14 51 74 2351
 1 2 6 10 14 51 74 2352
 1 2 6 10 14 51 74 3096
 1 2 6 10 14 51 2304 3093
 1 2 6 10 14 51 2304 3264
 1 2 6 10 14 51 2351 3096
 1 2 6 10 14 67 2322 2323
 1 2 6 10 14 67 2322 3092
 1 2 6 10 14 2288 2460 3088
 1 2 6 10 14 2288 2460 3219
 1 2 6 10 23 29 51 2332
 1 2 6 10 23 50 51 2315
 1 2 6 10 29 33 51 2367
 1 2 6 10 29 33 2271 2367
 1 2 6 10 29 51 62 2315
 1 2 6 10 30 54 2269 2367
 1 2 6 10 30 54 2339 2549
 1 2 6 11 23 29 2315 2332
 1 2 6 11 23 32 55 2345
 1 2 6 11 29 2272 2288 2757
 1 2 6 11 41 46 75 3099
 1 2 6 12 23 29 51 2332
 1 6 10 13 25 31 2320 2820
 1 6 10 13 25 31 2820 2981
 1 6 10 13 25 40 2346 2349
 1 6 10 13 25 40 2346 2840
 1 6 10 14 25 31 2320 2820
 1 6 10 14 25 51 2304 2317
 1 6 10 14 25 51 2304 2820
 1 6 10 14 25 51 2304 2981
 1 6 10 14 25 51 2320 2820
 1 6 11 14 41 70 2291 3109
