 1 2 3 4 6 7 8 9 2248 2249 2250 2251 2252 2253
 1 2 3 4 6 7 8 9 2248 2249 2250 2251 2252 2752
 1 2 3 4 6 7 8 9 2248 2249 2250 2251 2252 2754
 1 2 3 4 6 7 8 9 2248 2249 2250 2251 2752 2755
 1 2 3 4 6 7 8 9 2248 2249 2250 2251 2753 2755
 1 2 3 4 6 7 8 9 2248 2249 2250 2251 2755 3574
 1 2 3 4 6 7 8 9 2248 2249 2250 2752 3574 3583
 1 2 3 4 6 7 8 9 2248 2249 2250 2753 2754 2755
 1 2 3 4 6 7 8 9 2248 2249 2250 2753 2754 3574
 1 2 3 4 6 7 8 9 2248 2249 2250 2753 3574 3583
 1 2 3 4 6 7 8 9 2248 2249 2251 2755 3574 3583
 1 2 3 4 6 7 8 9 2248 2249 2252 2253 3574 3583
 1 2 3 4 6 7 8 9 2248 2249 2252 2754 2755 3574
 1 2 3 4 6 7 8 9 2248 2249 2252 2754 3574 3583
 1 2 3 4 6 7 8 26 27 28 2248 2288 2289 2290
 1 2 3 4 6 7 8 26 27 28 2248 2288 2289 2804
 1 2 3 4 6 7 8 26 27 28 2248 2289 2290 2752
 1 2 3 4 6 7 8 26 27 28 2248 2289 2290 2804
 1 2 3 4 6 7 8 26 27 28 2248 2289 2752 2804
 1 2 3 4 6 7 8 26 27 28 2248 2752 2804 3088
 1 2 3 4 6 7 8 26 27 28 2288 2289 2290 2804
 1 2 3 4 6 7 8 26 27 28 2288 2752 2804 3088
 1 2 3 4 6 7 8 26 27 2248 2289 2290 2804 3088
 1 2 3 6 7 8 10 11 32 33 55 2248 2249 2250
 1 2 3 6 7 8 10 11 32 33 55 2248 2249 2288
 1 2 3 6 7 8 10 11 32 33 55 2248 2254 2288
 1 2 3 6 7 8 10 11 32 33 55 2248 2254 2752
 1 2 3 6 7 8 10 11 32 33 55 2248 2288 2304
 1 2 3 6 7 8 10 11 32 33 55 2248 2288 2752
 1 2 3 6 7 8 10 11 32 33 55 2254 2288 2304
 1 2 3 6 7 8 10 11 32 33 2248 2249 2250 2304
 1 2 3 6 7 8 10 11 32 33 2248 2249 2250 2752
 1 2 3 6 7 8 10 11 32 33 2248 2249 2254 2288
 1 2 3 6 7 8 10 11 32 33 2248 2254 2288 2304
 1 2 3 6 7 8 10 11 32 33 2248 2254 2288 2752
 1 2 3 6 7 8 10 33 55 67 2248 2250 2254 2288
 1 2 3 6 7 8 10 33 55 67 2248 2250 2254 2304
 1 2 3 6 7 8 10 33 55 67 2248 2254 2288 2752
 1 2 3 6 7 10 11 29 30 2255 2256 2288 2291 2757
