 1 2 3 4 6 7 8 9 2248 2249 2250 2251 2252
 1 2 3 4 6 7 8 9 2248 2249 2250 2251 2752
 1 2 3 4 6 7 8 9 2248 2249 2250 2251 2753
 1 2 3 4 6 7 8 9 2248 2249 2250 2251 2755
 1 2 3 4 6 7 8 9 2248 2249 2250 2752 3574
 1 2 3 4 6 7 8 9 2248 2249 2250 2753 2754
 1 2 3 4 6 7 8 9 2248 2249 2250 2753 3574
 1 2 3 4 6 7 8 9 2248 2249 2250 3574 3583
 1 2 3 4 6 7 8 9 2248 2249 2251 2755 3574
 1 2 3 4 6 7 8 9 2248 2249 2252 2253 3574
 1 2 3 4 6 7 8 9 2248 2249 2252 2754 2755
 1 2 3 4 6 7 8 9 2248 2249 2252 2754 3574
 1 2 3 4 6 7 8 9 2248 2249 2252 3574 3583
 1 2 3 4 6 7 8 9 2248 2249 2755 3574 3583
 1 2 3 4 6 7 8 26 27 28 2248 2288 2289
 1 2 3 4 6 7 8 26 27 28 2248 2288 2804
 1 2 3 4 6 7 8 26 27 28 2248 2289 2290
 1 2 3 4 6 7 8 26 27 28 2248 2289 2752
 1 2 3 4 6 7 8 26 27 28 2248 2289 2804
 1 2 3 4 6 7 8 26 27 28 2248 2752 2804
 1 2 3 4 6 7 8 26 27 28 2248 2752 3088
 1 2 3 4 6 7 8 26 27 28 2288 2289 2290
 1 2 3 4 6 7 8 26 27 28 2288 2289 2804
 1 2 3 4 6 7 8 26 27 28 2288 2752 2804
 1 2 3 4 6 7 8 26 27 28 2288 2752 3088
 1 2 3 4 6 7 8 26 27 28 2752 2804 3088
 1 2 3 4 6 7 8 26 27 2248 2289 2290 2804
 1 2 3 4 6 7 8 26 27 2248 2289 2290 3088
 1 2 3 4 6 7 8 26 27 2248 2289 2804 3088
 1 2 3 4 6 7 8 26 27 2249 2290 2804 3088
 1 2 3 4 6 7 8 26 27 2289 2290 2804 3088
 1 2 3 6 7 8 10 11 32 33 55 2248 2249
 1 2 3 6 7 8 10 11 32 33 55 2248 2254
 1 2 3 6 7 8 10 11 32 33 55 2248 2288
 1 2 3 6 7 8 10 11 32 33 55 2248 2304
 1 2 3 6 7 8 10 11 32 33 55 2248 2752
 1 2 3 6 7 8 10 11 32 33 55 2249 2250
 1 2 3 6 7 8 10 11 32 33 55 2249 2288
 1 2 3 6 7 8 10 11 32 33 55 2254 2288
 1 2 3 6 7 8 10 11 32 33 55 2254 2304
 1 2 3 6 7 8 10 11 32 33 55 2288 2304
 1 2 3 6 7 8 10 11 32 33 2248 2249 2250
 1 2 3 6 7 8 10 11 32 33 2248 2249 2254
 1 2 3 6 7 8 10 11 32 33 2248 2249 2304
 1 2 3 6 7 8 10 11 32 33 2248 2249 2752
 1 2 3 6 7 8 10 11 32 33 2248 2253 2254
 1 2 3 6 7 8 10 11 32 33 2248 2253 2304
 1 2 3 6 7 8 10 11 32 33 2248 2253 2752
 1 2 3 6 7 8 10 11 32 33 2248 2254 2288
 1 2 3 6 7 8 10 11 32 33 2248 2254 2304
 1 2 3 6 7 8 10 11 32 33 2248 2254 2752
 1 2 3 6 7 8 10 11 32 33 2249 2254 2288
 1 2 3 6 7 8 10 11 32 33 2253 2254 2304
 1 2 3 6 7 8 10 11 32 33 2254 2288 2304
 1 2 3 6 7 8 10 11 32 55 2248 2249 2288
 1 2 3 6 7 8 10 11 32 55 2248 2254 2288
 1 2 3 6 7 8 10 11 32 2248 2249 2250 2752
 1 2 3 6 7 8 10 33 55 67 2248 2250 2254
 1 2 3 6 7 8 10 33 55 67 2248 2250 2304
 1 2 3 6 7 8 10 33 55 67 2248 2254 2288
 1 2 3 6 7 8 10 33 55 67 2248 2254 2752
 1 2 3 6 7 8 10 33 55 2248 2250 2254 2288
 1 2 3 6 7 8 10 33 55 2248 2250 2288 2304
 1 2 3 6 7 8 10 33 55 2248 2254 2288 2304
 1 2 3 6 7 8 10 33 55 2248 2254 2288 2752
 1 2 3 6 7 8 10 33 2248 2249 2250 2304 2752
 1 2 3 6 7 8 10 33 2248 2253 2254 2288 2304
 1 2 3 6 7 8 10 33 2248 2253 2254 2288 2752
 1 2 3 6 7 8 20 26 2248 2249 2269 2303 2373
 1 2 3 6 7 9 20 21 29 32 33 2324 2328
 1 2 3 6 7 10 11 29 30 2255 2256 2288 2291
 1 2 3 6 7 10 11 29 30 2255 2256 2291 2757
 1 2 3 6 7 10 29 30 54 2269 2291 2343 2367
