 1 2 3 4 6 7 8 9 2248 2249 2250 2251 2252 2253 2752
 1 2 3 4 6 7 8 9 2248 2249 2250 2251 2252 2752 2753
 1 2 3 4 6 7 8 9 2248 2249 2250 2251 2252 2752 2754
 1 2 3 4 6 7 8 9 2248 2249 2250 2251 2252 2754 2755
 1 2 3 4 6 7 8 9 2248 2249 2250 2251 2752 2755 3574
 1 2 3 4 6 7 8 9 2248 2249 2250 2251 2753 2755 3574
 1 2 3 4 6 7 8 9 2248 2249 2250 2251 2755 3574 3583
 1 2 3 4 6 7 8 9 2248 2249 2250 2753 2754 2755 3574
 1 2 3 4 6 7 8 9 2248 2249 2250 2753 2754 3574 3583
 1 2 3 4 6 7 8 9 2248 2249 2252 2754 2755 3574 3583
 1 2 3 4 6 7 8 26 27 28 2248 2288 2289 2290 2804
 1 2 3 4 6 7 8 26 27 28 2248 2289 2290 2752 2804
 1 2 3 4 6 7 8 26 27 28 2248 2289 2290 2752 3088
 1 2 3 6 7 8 10 11 32 33 55 2248 2249 2250 2288
 1 2 3 6 7 8 10 11 32 33 55 2248 2249 2250 2752
 1 2 3 6 7 8 10 11 32 33 55 2248 2249 2288 2752
 1 2 3 6 7 8 10 11 32 33 55 2248 2254 2288 2752
 1 2 3 6 7 8 10 11 32 33 2248 2249 2250 2304 2752
