 1 2 3 4 6 7 8 9 2248 2249
 1 2 3 4 6 7 8 9 2248 2253
 1 2 3 4 6 7 8 9 2248 3574
 1 2 3 4 6 7 8 9 3574 3583
 1 2 3 4 6 7 8 26 27 28
 1 2 3 4 6 7 8 26 27 2248
 1 2 3 4 6 7 8 26 27 2249
 1 2 3 4 6 7 8 26 27 2288
 1 2 3 4 6 7 8 26 27 2289
 1 2 3 4 6 7 8 26 27 2752
 1 2 3 4 6 7 8 26 27 2804
 1 2 3 4 6 7 8 26 27 3088
 1 2 3 4 6 7 8 26 2248 2290
 1 2 3 4 6 7 8 26 2248 2804
 1 2 3 4 6 7 8 26 2250 2752
 1 2 3 4 6 7 8 26 2250 2804
 1 2 3 4 6 7 8 26 2250 3088
 1 2 3 4 6 7 8 26 2290 2804
 1 2 3 4 6 7 8 26 2290 3088
 1 2 3 4 6 7 8 26 2804 3088
 1 2 3 4 6 7 8 2248 2249 2250
 1 2 3 4 6 7 8 2248 2249 2804
 1 2 3 4 6 7 8 2248 2804 3088
 1 2 3 4 6 7 26 27 2288 2804
 1 2 3 4 6 7 26 27 2289 2290
 1 2 3 4 6 7 26 27 2289 2752
 1 2 3 4 6 7 26 27 2289 2804
 1 2 3 4 6 7 26 28 2250 2804
 1 2 3 4 6 7 26 28 2290 2752
 1 2 3 4 6 7 26 28 2290 2804
 1 2 3 4 6 7 26 28 2752 2804
 1 2 3 4 6 7 26 2290 2804 3088
 1 2 3 4 6 7 28 2248 2289 2290
 1 2 3 4 6 7 28 2248 2289 2804
 1 2 3 4 6 7 28 2289 2290 2804
 1 2 3 4 6 7 28 2289 2804 3088
 1 2 3 6 7 8 10 11 32 33
 1 2 3 6 7 8 10 11 32 55
 1 2 3 6 7 8 10 11 32 2248
 1 2 3 6 7 8 10 11 32 2249
 1 2 3 6 7 8 10 11 32 2250
 1 2 3 6 7 8 10 11 32 2253
 1 2 3 6 7 8 10 11 32 2254
 1 2 3 6 7 8 10 11 55 2248
 1 2 3 6 7 8 10 11 55 2254
 1 2 3 6 7 8 10 11 2248 2249
 1 2 3 6 7 8 10 11 2248 2253
 1 2 3 6 7 8 10 11 2248 2254
 1 2 3 6 7 8 10 11 2249 2250
 1 2 3 6 7 8 10 11 2249 2253
 1 2 3 6 7 8 10 11 2249 2254
 1 2 3 6 7 8 10 11 2253 2254
 1 2 3 6 7 8 10 11 2254 2288
 1 2 3 6 7 8 10 32 55 67
 1 2 3 6 7 8 10 32 55 2248
 1 2 3 6 7 8 10 32 55 2249
 1 2 3 6 7 8 10 32 55 2254
 1 2 3 6 7 8 10 32 55 2288
 1 2 3 6 7 8 10 32 2248 2249
 1 2 3 6 7 8 10 32 2248 2250
 1 2 3 6 7 8 10 32 2248 2253
 1 2 3 6 7 8 10 32 2249 2253
 1 2 3 6 7 8 10 32 2254 2288
 1 2 3 6 7 8 10 33 55 67
 1 2 3 6 7 8 10 33 55 2248
 1 2 3 6 7 8 10 33 55 2249
 1 2 3 6 7 8 10 33 55 2254
 1 2 3 6 7 8 10 33 55 2288
 1 2 3 6 7 8 10 33 55 2304
 1 2 3 6 7 8 10 33 2248 2249
 1 2 3 6 7 8 10 33 2248 2250
 1 2 3 6 7 8 10 33 2248 2253
 1 2 3 6 7 8 10 33 2248 2254
 1 2 3 6 7 8 10 33 2248 2304
 1 2 3 6 7 8 10 33 2248 2752
 1 2 3 6 7 8 10 33 2249 2250
 1 2 3 6 7 8 10 33 2249 2253
 1 2 3 6 7 8 10 33 2249 2254
 1 2 3 6 7 8 10 33 2253 2254
 1 2 3 6 7 8 10 33 2253 2304
 1 2 3 6 7 8 10 33 2254 2288
 1 2 3 6 7 8 10 33 2254 2304
 1 2 3 6 7 8 10 54 66 2248
 1 2 3 6 7 8 10 54 66 2249
 1 2 3 6 7 8 10 54 66 2250
 1 2 3 6 7 8 10 54 66 2255
 1 2 3 6 7 8 10 54 2248 2250
 1 2 3 6 7 8 10 54 2248 2255
 1 2 3 6 7 8 10 54 2248 2289
 1 2 3 6 7 8 10 54 2249 2250
 1 2 3 6 7 8 10 54 2249 2255
 1 2 3 6 7 8 10 54 2249 2289
 1 2 3 6 7 8 10 54 2250 2255
 1 2 3 6 7 8 10 54 2250 2289
 1 2 3 6 7 8 10 54 2255 2289
 1 2 3 6 7 8 10 2248 2249 2250
 1 2 3 6 7 8 10 2248 2250 2253
 1 2 3 6 7 8 10 2248 2250 2254
 1 2 3 6 7 8 10 2248 2250 2752
 1 2 3 6 7 8 10 2248 2253 2254
 1 2 3 6 7 8 10 2248 2254 2288
 1 2 3 6 7 8 10 2248 2255 2289
 1 2 3 6 7 8 10 2250 2252 2255
 1 2 3 6 7 8 10 2250 2254 2288
 1 2 3 6 7 8 10 2252 2255 2289
 1 2 3 6 7 8 20 26 2248 2249
 1 2 3 6 7 8 20 26 2248 2269
 1 2 3 6 7 8 20 26 2248 2373
 1 2 3 6 7 8 20 26 2248 2755
 1 2 3 6 7 8 20 26 2250 2269
 1 2 3 6 7 8 20 26 2250 2752
 1 2 3 6 7 8 20 26 2250 2755
 1 2 3 6 7 8 20 26 2269 2303
 1 2 3 6 7 8 20 26 2269 2373
 1 2 3 6 7 8 20 26 2373 2755
 1 2 3 6 7 8 20 68 2248 2249
 1 2 3 6 7 8 20 68 2248 2256
 1 2 3 6 7 8 20 68 2248 2756
 1 2 3 6 7 8 20 68 2250 2752
 1 2 3 6 7 8 20 68 2250 2756
 1 2 3 6 7 8 20 68 2256 2756
 1 2 3 6 7 8 20 2248 2249 2256
 1 2 3 6 7 8 20 2248 2249 2269
 1 2 3 6 7 8 20 2248 2249 2755
 1 2 3 6 7 8 20 2248 2256 2756
 1 2 3 6 7 8 20 2248 2256 3088
 1 2 3 6 7 8 20 2248 2373 2755
 1 2 3 6 7 8 68 2248 2540 3092
 1 2 3 6 7 8 2248 2249 2250 2304
 1 2 3 6 7 8 2248 2249 2250 2752
 1 2 3 6 7 8 2248 2249 2250 2753
 1 2 3 6 7 8 2248 2249 2252 2305
 1 2 3 6 7 9 20 21 29 32
 1 2 3 6 7 9 20 21 29 33
 1 2 3 6 7 9 20 21 29 2254
 1 2 3 6 7 9 20 21 29 2324
 1 2 3 6 7 9 20 21 32 33
 1 2 3 6 7 9 20 21 32 2291
 1 2 3 6 7 9 20 21 32 2324
 1 2 3 6 7 9 20 21 32 2328
 1 2 3 6 7 9 20 21 2254 2328
 1 2 3 6 7 9 20 21 2291 2324
 1 2 3 6 7 9 20 21 2291 2328
 1 2 3 6 7 9 20 21 2324 2328
 1 2 3 6 7 9 20 22 2250 2255
 1 2 3 6 7 9 20 22 2250 2756
 1 2 3 6 7 9 20 22 2255 3088
 1 2 3 6 7 9 20 22 2256 2752
 1 2 3 6 7 9 20 22 2256 2756
 1 2 3 6 7 9 20 22 2256 3088
 1 2 3 6 7 9 20 22 2752 2756
 1 2 3 6 7 9 20 22 2752 3088
 1 2 3 6 7 9 20 22 2756 3088
 1 2 3 6 7 9 20 29 33 2324
 1 2 3 6 7 9 20 30 2324 2328
 1 2 3 6 7 9 20 33 2324 2328
 1 2 3 6 7 9 22 2248 2255 2756
 1 2 3 6 7 9 22 2248 2756 3088
 1 2 3 6 7 9 22 2255 2756 3088
 1 2 3 6 7 10 11 29 30 2254
 1 2 3 6 7 10 11 29 30 2255
 1 2 3 6 7 10 11 29 30 2272
 1 2 3 6 7 10 11 29 30 2288
 1 2 3 6 7 10 11 29 30 2291
 1 2 3 6 7 10 11 29 30 2757
 1 2 3 6 7 10 11 29 50 2254
 1 2 3 6 7 10 11 29 50 2256
 1 2 3 6 7 10 11 29 50 2288
 1 2 3 6 7 10 11 29 2254 2288
 1 2 3 6 7 10 11 29 2255 2288
 1 2 3 6 7 10 11 29 2256 2288
 1 2 3 6 7 10 11 29 2272 2288
 1 2 3 6 7 10 11 50 2248 2254
 1 2 3 6 7 10 11 50 2248 2288
 1 2 3 6 7 10 11 50 2254 2288
 1 2 3 6 7 10 11 2248 2254 2288
 1 2 3 6 7 10 12 29 30 2254
 1 2 3 6 7 10 12 29 30 2255
 1 2 3 6 7 10 12 29 30 2256
 1 2 3 6 7 10 12 29 30 2272
 1 2 3 6 7 10 12 29 30 2288
 1 2 3 6 7 10 12 29 2254 2288
 1 2 3 6 7 10 12 29 2255 2288
 1 2 3 6 7 10 12 29 2256 2288
 1 2 3 6 7 10 12 30 2254 2256
 1 2 3 6 7 10 12 30 2254 2272
 1 2 3 6 7 10 12 30 2254 2288
 1 2 3 6 7 10 12 30 2254 2757
 1 2 3 6 7 10 12 30 2255 2288
 1 2 3 6 7 10 12 30 2256 2288
 1 2 3 6 7 10 12 30 2256 2757
 1 2 3 6 7 10 12 30 2272 2288
 1 2 3 6 7 10 12 30 2288 2757
 1 2 3 6 7 10 12 2248 2255 2288
 1 2 3 6 7 10 12 2248 2272 2288
 1 2 3 6 7 10 12 2249 2250 2289
 1 2 3 6 7 10 12 2249 2250 2752
 1 2 3 6 7 10 12 2249 2252 2289
 1 2 3 6 7 10 12 2250 2289 2752
 1 2 3 6 7 10 29 30 54 2269
 1 2 3 6 7 10 29 30 54 2291
 1 2 3 6 7 10 29 30 54 2343
 1 2 3 6 7 10 29 30 54 2367
 1 2 3 6 7 10 29 30 66 2367
 1 2 3 6 7 10 29 30 2256 2288
 1 2 3 6 7 10 29 30 2256 2291
 1 2 3 6 7 10 29 30 2256 2757
 1 2 3 6 7 10 29 30 2288 2291
 1 2 3 6 7 10 29 30 2288 2757
 1 2 3 6 7 10 29 50 2256 2288
 1 2 3 6 7 10 29 50 2256 2757
 1 2 3 6 7 10 29 54 2269 2343
 1 2 3 6 7 10 29 54 2269 2367
 1 2 3 6 7 10 29 2256 2288 2757
 1 2 3 6 7 10 30 50 2254 2288
 1 2 3 6 7 10 30 50 2254 2291
 1 2 3 6 7 10 30 50 2254 2757
 1 2 3 6 7 10 30 50 2255 2288
 1 2 3 6 7 10 30 50 2288 2291
 1 2 3 6 7 10 30 50 2288 2757
 1 2 3 6 7 10 30 54 2269 2291
 1 2 3 6 7 10 30 54 2269 2343
 1 2 3 6 7 10 30 54 2269 2367
 1 2 3 6 7 10 30 54 2291 2367
 1 2 3 6 7 10 30 54 2343 2367
 1 2 3 6 7 10 30 66 2269 2367
 1 2 3 6 7 10 30 66 2343 2367
 1 2 3 6 7 10 30 2254 2256 2288
 1 2 3 6 7 10 30 2254 2272 2288
 1 2 3 6 7 10 30 2254 2272 2291
 1 2 3 6 7 10 30 2254 2288 2291
 1 2 3 6 7 10 30 2254 2288 2757
 1 2 3 6 7 10 30 2255 2272 2288
 1 2 3 6 7 10 30 2256 2272 2288
 1 2 3 6 7 10 30 2256 2272 2291
 1 2 3 6 7 10 30 2256 2288 2291
 1 2 3 6 7 10 30 2256 2288 2757
 1 2 3 6 7 10 30 2256 2291 2757
 1 2 3 6 7 10 30 2269 2291 2367
 1 2 3 6 7 10 30 2272 2288 2291
 1 2 3 6 7 10 30 2272 2288 2757
 1 2 3 6 7 10 33 55 2248 2288
 1 2 3 6 7 10 33 55 2248 2304
 1 2 3 6 7 10 33 55 2288 2304
 1 2 3 6 7 10 33 2248 2288 2304
 1 2 3 6 7 10 33 2253 2288 2304
 1 2 3 6 7 10 40 54 2248 2289
 1 2 3 6 7 12 53 2249 2250 2290
 1 2 3 6 7 12 53 2249 2250 2752
 1 2 3 6 7 12 53 2249 2290 2752
 1 2 3 6 7 12 53 2250 2290 2752
 1 2 3 6 7 12 75 2265 2291 2334
 1 2 3 6 7 12 75 2265 2291 2340
 1 2 3 6 7 12 75 2265 2334 2340
 1 2 3 6 7 12 75 2291 2334 2340
 1 2 3 6 7 12 2249 2250 2289 2752
 1 2 3 6 7 12 2249 2252 2289 2752
 1 2 3 6 7 12 2254 2272 2291 2757
 1 2 3 6 7 26 29 30 2291 2325
 1 2 3 6 7 26 29 30 2291 2349
 1 2 3 6 7 26 29 30 2291 2366
 1 2 3 6 7 26 29 30 2325 2349
 1 2 3 6 9 20 30 33 2291 2324
 1 2 3 6 9 20 30 33 2291 2328
 1 2 3 6 9 20 30 33 2324 2328
 1 2 3 6 9 21 30 32 2291 2324
 1 2 3 6 9 21 30 32 2291 2328
 1 2 3 6 9 21 30 32 2324 2328
 1 2 3 6 10 30 2256 2288 2291 2757
 1 2 3 6 11 30 2255 2288 2291 2757
 1 2 6 7 10 11 13 35 43 2248
 1 2 6 7 10 11 13 35 43 2461
 1 2 6 7 10 11 13 35 2248 2254
 1 2 6 7 10 11 13 35 2248 2256
 1 2 6 7 10 11 13 35 2248 2461
 1 2 6 7 10 11 13 35 2461 3088
 1 2 6 7 10 11 13 43 2248 2254
 1 2 6 7 10 11 13 43 2250 2254
 1 2 6 7 10 11 13 43 2250 3088
 1 2 6 7 10 11 13 43 2254 2461
 1 2 6 7 10 11 13 43 2254 3088
 1 2 6 7 10 11 13 43 2461 3088
 1 2 6 7 10 11 13 43 2461 3220
 1 2 6 7 10 11 13 2248 2254 2288
 1 2 6 7 10 11 13 2248 2254 2290
 1 2 6 7 10 11 13 2248 2254 2461
 1 2 6 7 10 11 13 2248 2256 2290
 1 2 6 7 10 11 13 2248 2256 2461
 1 2 6 7 10 11 13 2248 2256 3088
 1 2 6 7 10 11 13 2248 2461 3088
 1 2 6 7 10 11 13 2248 2461 3220
 1 2 6 7 10 11 13 2250 2256 2290
 1 2 6 7 10 11 13 2250 2256 2461
 1 2 6 7 10 11 13 2250 2256 3088
 1 2 6 7 10 11 23 62 2254 2289
 1 2 6 7 10 11 23 62 2254 2290
 1 2 6 7 10 11 23 2248 2290 2400
 1 2 6 7 10 11 890 2248 2254 2288
 1 2 6 7 10 12 23 24 2248 2289
 1 2 6 7 10 12 23 24 2248 2290
 1 2 6 7 10 12 23 24 2248 2805
 1 2 6 7 10 12 23 24 2257 2288
 1 2 6 7 10 12 23 24 2257 2290
 1 2 6 7 10 12 23 24 2257 2400
 1 2 6 7 10 12 23 24 2288 2290
 1 2 6 7 10 12 23 24 2288 2805
 1 2 6 7 10 12 23 24 2289 2290
 1 2 6 7 10 12 23 24 2289 2805
 1 2 6 7 10 12 23 24 2290 2400
 1 2 6 7 10 12 23 24 2290 2805
 1 2 6 7 10 12 23 24 2400 2805
 1 2 6 7 10 12 23 35 2252 2315
 1 2 6 7 10 12 23 35 2316 3089
 1 2 6 7 10 12 23 69 2248 2290
 1 2 6 7 10 12 23 69 2290 2805
 1 2 6 7 10 12 23 2248 2290 2805
 1 2 6 7 10 12 24 69 2248 2290
 1 2 6 7 10 12 24 69 2248 2805
 1 2 6 7 10 12 24 2248 2257 2290
 1 2 6 7 10 12 24 2248 2257 2400
 1 2 6 7 10 12 24 2254 2288 2290
 1 2 6 7 10 12 24 2254 2288 2400
 1 2 6 7 10 12 24 2254 2288 2805
 1 2 6 7 10 12 24 2257 2290 2805
 1 2 6 7 10 12 34 35 2315 2316
 1 2 6 7 10 12 34 35 2315 3089
 1 2 6 7 10 12 35 2315 2316 3089
 1 2 6 7 10 13 34 49 2323 2337
 1 2 6 7 10 13 34 49 2323 2343
 1 2 6 7 10 13 34 49 2323 2674
 1 2 6 7 10 13 34 49 2337 2674
 1 2 6 7 10 13 34 49 2343 2674
 1 2 6 7 10 13 34 49 2674 2822
 1 2 6 7 10 13 34 54 2471 3223
 1 2 6 7 10 13 40 54 2257 2471
 1 2 6 7 10 13 40 54 2471 3223
 1 2 6 7 10 13 40 2257 2471 3223
 1 2 6 7 10 13 49 2256 2461 3088
 1 2 6 7 10 13 2248 2256 2290 2461
 1 2 6 7 10 13 2248 2256 2290 3088
 1 2 6 7 10 13 2250 2254 2256 2288
 1 2 6 7 10 13 2250 2254 2256 2290
 1 2 6 7 10 13 2250 2254 2256 2461
 1 2 6 7 10 13 2250 2254 2288 2461
 1 2 6 7 10 13 2250 2254 2288 3088
 1 2 6 7 10 13 2250 2254 2290 2461
 1 2 6 7 10 13 2250 2254 2290 3088
 1 2 6 7 10 13 2254 2290 2461 3088
 1 2 6 7 10 14 48 54 55 67
 1 2 6 7 10 14 48 54 55 3092
 1 2 6 7 10 14 48 54 67 2322
 1 2 6 7 10 14 48 55 66 67
 1 2 6 7 10 14 48 55 66 2248
 1 2 6 7 10 14 48 55 66 2322
 1 2 6 7 10 14 48 55 66 2323
 1 2 6 7 10 14 48 55 66 3092
 1 2 6 7 10 14 48 55 67 2323
 1 2 6 7 10 14 48 66 2248 3092
 1 2 6 7 10 14 55 67 2322 2323
 1 2 6 7 10 23 29 34 50 2316
 1 2 6 7 10 23 29 50 54 2316
