 435 435 448
 435 436 435 435 437 435 450 435 435 435 435 435 435 435 435 436 499 436 436 437 447 455 450 450 450 455 456 456 484
 435 438 449 435 435 435 436 436 438 501 438 457 438 438 438 438 438 438 438 438 438 438 438 438 438 449 457 455 495 457 457
 435 440 435 454 440 452 454 458 520
 435 453 435 439 439 453 454 454 458 519
 436 436 441 441 441 441 468 472 510
 436 437 436 500 436 436 436 436 436 436 437 437 437 442 442 476 481 511 511 530 531
 436 502 436 439 436 436 437 437 508 439 439 439 439 439 442 442 442 442 488 492 512 512 518 532 533
 436 440 506 436 440 443 440 440 440 440 443 443 443 509 515 516 516 534
 437 438 507 438 517 438 438 438 438 438 438 438 439 438 438 438 438 438 438 438 517 527 528
 437 437 441 441 441 441 441 441 441 441 441 442 441 441 441 441 441 441 441 442 467 469 535 536 536 542 562
 437 440 440 440 444 443 443 443 443 444 444 503 504 538 540 567 568
 437 439 439 439 442 442 445 445 445 445 445 445 445 445 445 445 445 445 496 497 537 539 560 566
 438 440 438 526 438 438 525 526 529
 439 440 444 569 444 444 522 523 541
 441 443 441 547 573 574 574
 442 442 554 555
 442 443 570 443 444 443 443 444 444 444 444 444 556 563 565 571
 444 445 558 575
 446 459 446 460 459 460 459 459 578 683
 446 463 446 465 463 465 658 465 465 658 696 696
 446 464 446 466 446 451 446 451 451 451 697 698
 446 468 446 469 446 470 446 447 447 447 447 460 470 460 468 470 470 476 477 477 588 682 740
 446 449 471 446 449 449 449 449 449 461 461 471 471 471 480 625 626 626 627
 446 446 449 479 449 449 449 449 449 462 479 479 479 490 490 642 660 663
 446 472 446 450 450 481 450 450 450 450 450 450 467 685 472 623 625 685
 446 473 446 446 474 446 475 447 447 447 447 463 463 473 665 473 473 474 477 477 486 659 744
 447 493 448 448 448 448 448 448 478 493 750 792
 447 448 495 448 448 448 448 448 484 495 598 761 761
 447 449 447 449 449 501 449 449 449 449 449 449 449 449 449 462 471 471 471 471 494 494 499 500 501 501 501 501 501 608 609 608 643
 447 447 449 449 507 449 449 449 449 449 449 449 449 449 449 479 479 480 479 479 487 487 500 507 507 508 703 713 715
 447 451 451 491 502 762
 447 447 452 452 452 452 452 452 482 489 504 506 757 759
 447 497 447 453 453 453 453 453 453 453 453 453 453 453 453 485 488 498 756 760
 447 451 451 483 505 758
 447 450 450 450 454 450 454 454 454 454 454 454 454 454 454 454 454 492 496 503 509 763 806
 448 449 448 448 448 449 499 501 501 597 598 597
 448 522 448 452 453 453 521 820
 448 448 453 452 453 519 520 819 819
 448 454 454 523 821
 449 449 449 510 510 672
 449 450 449 449 450 455 457 457 457 457 457 457 457 457 457 457 457 457 471 472 511 709
 449 449 449 450 450 511 517 512 517 517 589 592 712
 449 451 524 449 449 449 449 449 451 451 451 513 514 514 524 524 705 714 716
 449 452 449 525 449 449 452 452 452 513 515 515 524 525 525 525 707 718
 449 453 449 453 453 453 507 508 706 717
 449 454 449 454 454 454 512 516 516 526 517 526 526 526 677 680
 450 450 451 518 817
 455 455 468 470 470 472 495 495 510 510 511 510 510 536 536 592 592 676
 455 456 455 455 455 456 456 456 462 472 472 472 472 476 477 477 481 484 484 495 495 495 495 511 511 530 530 535 535 643 823 832 832
 455 494 455 530
 455 527 455 455 455 480 481 511 511 527 527 527 532 745 889 889
 455 528 455 456 456 487 487 492 491 512 512 518 528 531 531 532 773 861
 455 458 455 458 533 458 489 492 508 509 516 516 516 516 528 528 538 538 810 850
 455 498 529 455 458 513 458 537 458 509 512 512 518 529 529 529 534 537 808 885
 456 457 457 457 457 517 457 457 457 457 457 457 457 457 479 517 479 481 479 479 492 517 517 517 517 765 818
 456 456 460 467 460 468 468 476 684 908
 456 456 458 458 539 458 482 485 496 503 533 534 539 540 540 901 910
 457 458 457 457 457 526 457 457 457 457 507 509 517 518 517 524 526 526 526 526 526 526 526 764
 458 541 521 523 541 914
 459 461 459 462 459 463 459 464 459 581 459 459 459 459 459 459 459 461 463 577 577 584 581 581 581 585 618 835
 459 467 578 459 469 459 582 459 578 582 582 582 588 957
 459 471 580 459 473 471 473 580 593 794
 459 474 580 589 802
 460 461 460 465 586 461 465 462 465 465 466 465 465 465 465 465 465 465 465 584 584 586 619 586 586 586 586 586 586 619 648 711
 460 462 460 466 460 487 460 462 463 463 464 463 463 487 487 487 585 587 587 611 638 687 711 833 833 857
 460 471 479 589 460 463 463 471 660 471 471 477 477 479 479 479 479 479 479 479 584 623 589 589 589 660 742 749
 460 480 590 460 473 482 593 461 461 473 473 473 482 590 593 622 629 831 831 838
 460 591 460 460 490 460 491 462 464 477 477 490 480 490 490 491 585 641 591 640 734 734 749 834 834 880
 460 472 592 460 484 469 472 481 484 588 592 592 592 641 642 685 685 685 685 832 832
 460 474 485 460 475 486 474 485 584 620 593 593 686 686 749 997
 461 462 510 461 487 487 510 510 510 510 510 510 510 550 550 606 609 609 639 713
 461 467 511 461 472 472 709 511 532 623 627 664 664 709 709 709 745 837 837
 461 468 461 468 688 469 500 533 584 624 728 624 636 688 844
 461 470 461 463 470 463 661 470 470 480 489 489 621 630 661 688 688 836 840 840
 461 461 461 461 464 668 466 678 490 490 490 490 514 514 548 548 551 551 631 632 668 678 839 841 842 845
 461 474 461 474 475 500 549 584 593 628 731 593 628 635 843
 462 467 467 492 492 511 511 512 512 512 512 535 535 555 555 641 823 670 670 742 818 818 847 849 874
 462 468 542 468 468 468 484 484 499 499 500 531 531 542 587 587 606 623 641 623 676 676 740 823 908 908
 462 470 466 470 470 470 470 470 470 470 477 477 480 491 491 494 494 494 494 639 822 676 676 733 733 745 827 844 847
 462 473 464 473 473 710 473 473 473 473 473 477 477 483 480 483 494 494 494 494 644 824 710 726 736 843 868 887
 462 463 662 463 463 463 466 477 477 480 483 483 490 490 490 490 645 648 652 662 727 742 858 859 859
 462 543 464 669 480 489 489 513 513 543 543 543 551 551 646 825 669 738 814 845 872 896
 462 466 679 480 491 491 514 514 543 543 543 543 548 548 647 679 741 805 825 839 873 894
 462 469 469 488 488 500 508 508 542 542 554 554 654 687 739 739 742 822 846 880 892
 462 474 544 474 474 474 478 478 499 499 500 544 552 552 610 611 623 623 652 710 710 729 869 909 909
 462 545 510 510 510 510 545 545 545 596 596 598 598 642 682
 462 546 466 681 480 482 482 513 513 546 546 546 548 548 651 826 681 732 803 841 870 895
 462 475 475 485 485 500 508 508 544 544 553 553 653 711 731 749 824 848 848 858 891 891
 462 464 671 480 483 483 514 514 546 546 546 546 551 551 657 671 735 813 826 842 871 893
 463 468 463 664 467 468 689 481 488 488 584 621 727 664 689 689 689 856 856
 463 469 463 472 663 472 712 476 492 492 623 636 663 712 749 849
 463 474 463 474 475 478 478 486 665 666 696 696 721 696 696 721 721 721 744 855 855
 464 469 469 476 502 502 532 535 535 555 555 641 654 827 834 834 847 877 877 880 959
 464 471 667 471 702 471 524 471 479 482 479 483 479 479 524 524 667 667 668 702 755 803 813
 464 670 467 687 467 481 518 518 533 542 542 554 554 670 828 849 877 877 892 958 993 993
 464 474 474 474 474 486 505 505 544 549 544 552 552 644 645 722 722 726 727 960 985 996
 464 466 545 550 545 545 545 545 545 545 545 550 550 550 595 595 600 829 829 851 851 917 925
 465 468 672 465 472 589 589 672 689 689
 465 470 465 471 470 471 672 672 688 712
 465 475 465 675
 466 468 676 468 468 468 476 502 502 530 535 530 532 535 591 591 676 690 745 749 828 844 856 856
 466 471 677 471 471 471 479 479 479 489 479 491 524 524 524 677 677 678 677 703 677 677 763 805 814
 466 472 680 472 472 472 481 518 518 531 531 533 542 542 680 680 713 680 727 728 806 806 828 837 837 849
 466 475 475 486 505 505 544 544 549 553 553 648 650 824 843 858 961 961 997 1002 1002
 467 471 517 471 701 496 517 517 517 517 517 660 664 701 701 701 701 701 730 816
 467 473 686 469 473 473 719 473 496 496 497 497 686 719 830 876 879 963
 467 474 547 474 503 503 547 556 629 636 719 719 748 966 987
 468 471 495 501 501 501 586 672 586 672 676 672 709
 468 475 468 506 506 534 547 547 590 688 590 688 691 746 830 1031 1031
 469 471 471 704 497 507 507 507 660 661 704 737 815
 469 474 474 504 504 547 556 547 629 630 723 723 747 962 988
 470 475 470 498 498 689 689 692 830 875 1031
 471 474 493 501 501 501 580 581 580 580 710 793
 471 475 471 498 507 507 507 589 590 589 705 746 817
 472 475 472 509 509 534 547 547 712 712 716 746 817 817 830 875 875
 473 474 720 493 493 720 720 720 721 743 968
 476 479 479 479 484 479 488 501 507 501 501 501 501 501 507 507 589 591 589 589 589 703 711 745 773
 476 480 745 495 495 495 495 499 499 500 528 528 528 528 533 711 712 712 712 712 713 780 780 818 818 827 861
 476 746 480 497 497 500 508 508 533 539 539 539 539 748 749 788 836 863 891 891 906
 476 477 488 477 492 481 488 492 496 496 497 497 727 730 748 749 853 853 875 875 881 894
 476 486 504 504 506 506 534 540 540 540 540 556 728 789 831 831 836 863 876 895 1038
 476 490 749 490 500 531 554 790 790 833 833 847
 477 478 478 486 493 493 493 493 725 725 743 743 855 878 878 1001
 477 477 477 487 477 489 480 480 482 482 487 487 487 489 728 731 737 741 746 747 863 865
 477 485 485 486 498 498 727 732 853 879 1003
 478 479 479 485 479 486 479 501 501 501 501 501 501 507 507 507 660 662 660 687 702 702 736 775
 478 483 493 505 493 552 552 557 557 754 754 799 799 882 882 899 899 1008 1028
 478 487 485 487 499 508 815 549 751 766 775 815 846 860
 478 488 506 522 522 522 556 568 568 752 807 852 904 1006 1043
 478 489 498 521 521 521 549 561 561 753 807 884 904 1004 1032
 478 492 509 816 523 523 523 540 540 556 755 816 883 900 903 903 958
 480 510 510 510 510 559 559 559 559 621 627 693 693 717 717
 480 764 481 496 560 496 511 511 512 512 512 512 532 560 560 560 727 730 764 805 836 837 837 850 913 913
 480 486 493 500 557 493 794 493 493 499 499 549 557 557 557 736 777 784 890 794 794 794 835 860 868 890
 480 486 498 561 498 500 508 508 549 561 561 561 737 738 742 785 838 865 892 907
 480 490 490 494 510 494 510 510 510 510 510 510 510 550 550 639 643 690 715 715
 481 486 503 503 509 509 534 556 568 568 568 568 730 803 849 876 881 896 993 993 1000
 481 490 765 490 511 511 530 555 749 765 765 765 832 832 847
 482 484 497 519 519 519 532 560 560 756 806 873 885 901 969 969
 482 485 767 493 493 521 521 521 549 557 557 767 767 767 795 852 897 1013 1027
 482 487 768 483 487 494 494 513 551 551 769 809 812 862 864
 482 491 483 489 550 550 550 550 559 559 559 559 559 559 559 559 766 778 886 900 932 955
 483 488 497 502 555 555 560 560 774 804 854 902 902 1007 1029 1029
 483 492 496 518 539 539 554 554 775 811 888 902 902 903 903 1000
 484 485 504 520 520 520 534 568 568 757 806 850 870 901 970 970
 484 487 487 488 499 508 533 762 771 771 773 817 817 848 848 861
 484 491 495 495 502 527 530 527 530 591 592 592 715 592 592 765 765 827 889 889 889 889
 485 491 498 505 553 553 561 561 768 804 854 902 902 1005 1030
 486 490 490 500 552 553 742 786 857 887
 487 489 487 491 494 494 513 548 548 770 772 772 808 810 866 867
 488 489 495 519 495 519 519 527 527 532 679 680 680 717 717 764 850 981 981
 493 494 499 493 793 552 776 793 793 793 869
 493 496 503 558 493 801 523 523 523 556 558 558 558 795 801 801 801 883 898 898 1026 1039
 493 497 504 493 798 522 522 522 556 558 558 558 558 795 798 884 897 1025 1040
 494 495 495 499 531 609 709 709 709 709 823
 494 496 512 512 555 804 811 905
 494 498 508 553 770 773 906
 494 497 508 554 774 775 907
 495 498 520 495 506 520 520 529 534 529 529 529 680 681 680 718 764 885 982 982
 499 500 510 499 510 510 510 510 510 510 510 562 562 606 625 642 625 643 682 684 684
 499 503 512 512 516 516 516 523 516 523 523 563 563 778 807 811 816 816 874 912 912
 499 505 508 513 521 521 521 564 564 753 755 779 812 871 911
 499 504 508 515 515 522 522 522 565 565 752 755 782 809 872 911
 499 502 508 513 519 519 519 566 566 760 763 781 781 808 873 910
 499 506 508 515 515 520 520 520 567 567 759 763 783 783 810 870 910
 500 562 508 508 510 510 510 510 510 510 510 510 562 621 624 624 627 663 663 690 713
 500 503 563 503 509 509 511 511 516 516 516 516 516 516 516 516 538 538 563 728 730 814 818 818 836 849 861 905
 500 505 564 505 514 564 787 893 813 864
 500 565 500 567 504 504 506 506 515 515 515 515 565 567 789 791 896 791 803 814 862 867 895
 500 566 502 502 514 566 788 805 866 894
 501 502 501 507 519 524 677 679 677 706 706 810
 501 503 501 517 517 526 523 526 526 526 526 526 526 526 667 670 701 701 701 701 811
 501 504 501 507 522 525 525 525 525 667 669 699 699 812
 501 505 501 507 521 524 667 671 708 708 708 708 809
 501 506 501 507 520 525 525 525 525 677 681 677 707 808
 502 506 569 504 505 569 570 570 570 570 778 782 886 900 1041 1043
 503 505 509 518 541 541 571 571 571 571 809 811 888 903 903 904 1036 1036
 510 672 672
 510 510 512 510 510 511 512 536 536 676 680 680 688 709 689 689 712 709
 510 513 510 510 514 510 510 510 510 510 513 514 572 572 572 572 691 714 692 692 716 694 694 718 714 718
 510 515 510 515 573 573 573 573 691 716
 510 516 516 574 574 574 574 688 712
 511 518 511 514 518 537 537 746 764 764 875 875 885
 519 520 521 522 569 569 820 821 821 914 914 1044 1044
 527 528 535 527 537 528 542 971 543 969 543 977 566 730 737 969 977 981
 527 536 559 536 559 560 661 664 981
 527 529 538 561 529 568 569 669 670 977 977 1020
 528 539 559 559 562 815 816 971
 528 529 540 529 541 561 567 811 812 1020 1047 1047
 530 531 530 533 537 531 532 537 548 548 566 566 850 853 853 863 866 881 885 906 913 913
 530 532 536 536 536 536 536 536 536 536 550 550 555 822 823 827 828
 530 534 538 538 553 570 570 861 863 867 881
 531 533 550 550 554 562 562 562 562 846 874 958 959
 531 534 553 567 567 571 571 862 905 1000 1038
 532 533 537 537 551 551 554 554 555 555 566 566 854 888 905 907 1000 1007 1017 1017 1020 1020
 532 534 538 538 549 556 563 563 569 569 569 569 872 874 886 888 958 971 971 1006 1034
 533 534 541 541 541 541 549 556 565 565 567 567 852 883 911 912 912 1034 1036 1036 1041 1042 1042
 535 536 536 545 545 588 761 761 916
 535 537 539 539 542 546 973 546 560 560 566 876 879 970 970 979 979 982
 535 538 540 540 544 547 547 563 570 570 747 771 748 771 780 939 972
 536 537 572 536 830 982
 536 538 536 574 562 563 574 574 574 574 574 574 574 574 574 574 574 574 574 574 574 630 636 780 942
 537 538 541 541 563 564 571 571 575 575 575 575 575 575 883 884 1042 1047 1047 1048 1050
 539 540 541 557 565 558 558 897 898 898 1042 1046
 542 545 545 562 915 915 916 957
 542 974 544 547 547 565 567 568 568 571 571 939 942 956 956 987 988
 543 544 561 561 564 941 944 978 994 995
 543 545 543 545 545 546 545 546 559 559 559 572 559 572 919 920 952 953
 544 545 545 562 602 695 918
 544 546 557 557 564 940 943 980 983
 548 549 1014 553 553 1021 564 564 1010 1012 1024
 548 550 548 550 550 551 550 551 572 572 572 572 931 933 934 935
 549 550 550 552 553 562 562 562 562 929 930 965 967
 549 1015 551 552 1019 552 564 564 1009 1011 1023
 552 554 556 565 565 571 571 1016 1016 1018 1035 1037 1037
 552 555 556 1022 563 563 570 570 1018 1022 1033 1033 1035
 557 559 562 559 561 949 950 975
 557 558 560 563 558 568 569 1025 1026 1045 1050
 562 564 572 964 976
 562 565 562 567 573 573 573 573 573 573 573 573 962 966 972 974
 562 566 572 963 973
 564 565 566 567 569 569 570 570 575 575 575 575 575 575 1039 1040 1045 1046 1048 1049 1049
 576 594 594
 576 576 596 576 577 577 587 595 596 606 915 915 1059 1059
 576 580 597 576 599 576 580 608 580 580 580 580 597 608 597 599 597 597 597 610 776 792
 576 598 576 600 576 581 609 581 581 581 611 776 792
 576 603 576 579 579 579 579 583 583 583 583 613 616 1052 1052 1060 1061 1061
 576 583 605 583 614 583 583 1051 1051 1060
 577 623 577 625 578 578 578 641 642 683 957
 577 580 626 577 628 580 580 580 580 580 580 580 580 580 580 580 608 610 608 608 608 626 626 626 628 637 644 665 784
 577 629 580 660 580 667 580 580 580 580 644 667 667 795 799
 577 630 579 579 579 579 579 579 581 661 581 646 669 949 1025
 577 631 577 581 668 581 581 583 581 583 583 583 583 583 583 583 583 583 583 583 645 657 662 671 951 1027 1028
 577 636 581 581 582 582 664 582 670 582 582 582 654 950 1026
 578 685
 578 580 578 686 580 580 580 660 665 660 686 725
 578 578 687 578 581 581 581 581 584 617 725 696 696 697
 578 580 580 617 626 626 629
 579 580 699 579 700 579 580 580 699 700 699 704 723 798 800
 580 582 701 701 719 701 801
 580 580 720 720
 580 580 702 580 580 580 580 581 581 589 593 589 702 710 721 721 722 743 796
 580 704 580 582 719 582 704 723 797
 580 583 580 580 708 583 583 702 708 724 708 722 724 754 767
 584 585 584 606 607 609 607 609 611 639 642 642 682 682 711 713 833 833 846 851 851 930
 584 587 584 587 609 611 609 610 642 642 644 648 665 665 687 713 846 848 848 857 925
 584 588 625 625 636 642 643 709 709 709 712 709 712 818 818 847 874
 584 589 626 589 589 589 623 626 660 660 685 685 696 696 727
 584 592 627 730 592 592 712 592 623 630 661 661 712 745 805 850
 584 629 732 584 633 736 590 590 593 593 721 721 721 721 803 852
 584 630 733 684 688 688 814 912
 584 631 734 584 741 585 645 648 649 678 678 734 742 813 839 842 1009 1009 1010
 584 634 737 584 742 591 711 591 641 645 668 668 749 805 839 853 853 854 894
 584 636 740 588 696 682 689 688 688 689 689 689 696 696 696 742 807 807 849
 585 588 642 588 640 643 642 654 715 715 745 749 823 827 834 834 847 851 851 959
 585 589 589 589 702 589 589 589 589 589 608 611 608 703 608 608 645 649 652 660 660 660 660 702 702 702 703 726 729 731 744 786
 585 593 593 593 766 593 609 610 609 627 627 643 710 710 726 744 731 766 777 824 860 929
 585 596 596 600 639 829 1062
 585 644 593 593 722 593 768 593 668 668 722 732 742 768 813 824 838 887 926 1014 1023
 585 646 733 772 772 825 840 840 845 927 1080 1089
 585 654 588 697 588 762 697 740 762 822 828 856 844 856 877 877 880 925 1065 1075 1075
 585 657 741 826 845 859 859 928 1082
 586 587 586 586 586 594 595 594 598 609
 586 589 586 592 672 688 672 672 676 677 677 677 680
 586 590 586 673 681
 586 591 586 674 586 586 674 678 679
 587 589 589 677 589 589 608 677 608 641 648 660 667 660 667 667 677 677 677 677 728 804 806 807
 587 592 592 680 592 592 609 664 670 664 680 778 804 806 822 823 861
 587 590 678 590 614 662 671 824 862 870 956 956 1030 1032
 587 591 616 662 669 681 826 863 873 970 970 1030 1043
 587 591 679 613 661 668 661 825 827 866 955 1029 969 969 1029
 588 589 589 589 704 589 626 630 626 634 626 636 626 695 703 703 704 704 704 747 748
 588 593 756 593 664 665 719 664 719 730 756 830 879 953 1006
 588 757 593 593 723 661 665 661 723 737 757 830 876 952 1004
 590 591 590 609 612 715 717 717 760 771 770 771 824 863 886
 590 592 709 764 592 714 709 808 817 830 885
 591 598 601 601 715 761 761 762 827 829 829
 593 720 767 720 767 794 954 954
 594 596 594 594 594 594 594 594 602 594 596 599 599 600 602 606 607 607 610 611 619 619 619 619
 594 672 594 594 597 594 596 596 597 597 597 597 597 598 606 608 608 609 672 672 672 672 672
 594 601 594 601 605 612 613 674 674 674 674
 594 594 604 594 594 603 604 612 614 615 615 616 673 673 673 674 673 674 674 674
 595 676 595 596 596 598 598 641 643 676 740 761 761 761 761 823 916 916
 595 597 677 597 667 677 778 821
 595 680 916 598 670 680 807 821 821 821 874 916
 595 595 596 599 596 602 599 602 638 639 644 648 917 930
 595 919 595 603 669 671 679 681 886 919 935 1032 1043 1044 1044
 595 605 668 678 829 829 923 923 933 955
 596 600 596 601 601 601 601 640 654 690 822 916 916 917 1065
 596 596 605 602 602 605 645 653 690 824 829 829 918 918 965
 596 603 596 604 596 596 603 604 604 604 646 647 651 657 693 693 693 694 693 694 825 826 919 919 920 920 1068 1069
 597 600 702 597 703 597 597 597 605 597 702 750 766 777
 597 601 597 602 597 703 761 771 780
 597 603 597 706 597 708 597 699 699 708 706 707 708 708 779 782 820
 597 604 597 706 707 706 781 783 819
 598 599 710 598 599 600 643 652 710 729 750 750 869 918 918
 598 600 598 687 713 784 792 792 835 846 915 915 915 915 917
 598 602 598 602 711 713 829 848
 598 603 598 669 671 717 717 718 752 753 820 820 820 871 872 920 920
 598 604 598 604 679 681 717 718 717 759 760 819 819 819 819 819 819 870 873 919 919
 598 605 662 715 750 751 868 917
 599 720 637 720 1053
 599 722 599 605 600 605 649 650 722 918 918 929 936 1054 1054
 599 603 599 724 603 921 655 656 700 700 724 724 724 921 921 921 937 938 1055
 600 697 698 917 925 1053 1053 1053 1053 1063 1063
 600 603 600 603 922 646 657 647 651 920 920 922 927 927 928 928 932 934 1055 1055 1066 1067
 600 605 605 923 631 632 917 923 923 923 926 931 1054 1054 1064
 601 602 601 634 916 918 923 923 939 942 972
 601 604 601 613 616 922 947 947 947 947 948 948 1057 1057 1057 1071 1072
 602 604 602 604 655 656 919 921 921 921 921 922 940 941 943 943 944 944 975 976
 603 605 605 612 615 946 614 616 615 922 922 945 945 946 946 946 1056 1056 1070 1070 1071 1071
 603 924 604 922 924 924 924 924 924 924 924 1056 1058 1058 1058
 606 606 610 624 624 624 624 628 628 846 848 930 1062
 606 607 607 618 638 618 637 639 637 682 682 776 784 776 835 857 925 930 1059 1059 1062 1059 1059 1062
 606 621 639 621 652 731 766 766 965 1083 1083
 606 607 607 635 653 635 649 684 684 684 684 690 777 786 860 869 929 965 1062 1062 1083 1083 1083 1083
 606 608 608 608 608 619 624 619 626 624 626 626 626 639 642 672 672 672 672 672 682 672 672 672 672 672 672 672 713
 606 609 688 609 627 643 627 648 676 676 688 688 688 728 733 733 740 778 778 780 780 822 861 874
 606 610 621 621 629 644 629 638 639 641 728 739 739 771 771 771 771 778 778 958 1022 1022 1065
 606 611 636 654 636 640 684 684 684 684 690 780 780 790 790 823 861 874 930 958 1022 1022
 606 612 612 622 640 622 655 690 693 975 693 693 693 777 785 865 868 932 975 1065 1080 1080
 606 612 612 632 647 650 690 691 691 782 782 789 867 872 931 972 972 1068 1085
 606 613 613 630 645 630 647 690 693 693 693 693 780 780 788 827 863 886 965 1033 971 971 1033
 606 614 614 631 653 657 690 691 691 783 783 791 783 783 791 862 870 933 974 974 1069 1086
 606 615 615 615 615 632 651 656 690 694 976 694 779 787 779 864 871 934 976 1069 1085
 606 616 616 631 646 651 690 694 694 781 781 781 781 788 866 873 935 973 973 1068 1086
 607 682 685 684 685 685 685 695 729 909
 607 608 608 638 660 640 660 660 660 703 703 733 739 740 790
 607 612 607 612 936 633 634 633 649 655 926 927 927 937 990 999 1065 1068 1085
 607 615 615 938 649 656 928 928 989 998 1069 1080
 608 612 608 647 653 703 703 706 705 705 706 706 706 706 706 760 762 770 788
 608 613 608 706 654 655 706 702 702 704 703 704 704 704 706 706 706 706 751 756 774 785
 608 614 608 650 657 702 702 708 703 705 705 708 708 708 708 708 708 708 708 708 708 708 753 758 768 787
 608 615 651 703 707 707 707 759 772 791
 608 616 608 646 656 707 699 699 699 699 699 699 702 702 703 707 707 752 757 769 789
 609 612 678 679 714 715 714 762 772 772 781 781 825 866 933
 609 613 661 662 661 715 717 717 756 766 774 822 865 932
 609 614 668 671 714 714 715 758 769 779 826 864 931
 609 615 615 678 681 715 718 759 770 783 783 826 862 935
 609 616 668 669 715 718 757 768 782 825 867 934
 610 720 617 617 637 644 720 720 720 720 720 720 720 720 720 720 720 720 720 720 720 725 776 776 784 799 799 1063 1063
 610 721 611 620 620 645 721 650 721 721 721 722 721 721 721 722 777 786 824 860 869 878 878 882 882 936
 610 613 613 939 634 654 723 655 722 722 723 723 723 782 782 789 937 939 999 1006 1018 1064
 610 614 614 940 633 633 649 657 722 722 724 724 724 724 724 724 724 724 777 787 936 940 998 998 1008 1023 1066
 610 616 616 941 634 646 722 656 700 700 700 700 722 779 779 785 938 941 999 1004 1019 1067
 611 637 648 683 683 696 696 697 696 696 698 725 799 799 835 857
 611 613 613 942 630 631 630 640 647 822 867 872 927 927 929 942 990 1006 1018
 611 614 614 943 622 632 622 645 657 826 864 868 926 938 943 943 943 989 989 1008 1019
 611 616 616 944 640 651 645 646 825 865 871 928 928 937 944 944 944 990 1004 1023
 612 945 613 614 945 948 948 1070 1072 1072
 617 619 618 619 658 637 638 658 658 658 658 658 683 698
 617 620 617 623 666 725 736 743 743 793 793 793 796 793 796 985 1008
 617 621 950 617 624 618 624 682 739 739 784 892 950 957 1065
 617 627 622 625 683 794 794 838 949 949
 617 633 685 796 796 986
 617 634 951 617 695 797 797 802 802 802 802 951 957 966 962 987 988
 618 621 684 738 890 949 949 1080
 618 622 623 633 726 794 796 813 794 796 799 799 983 1023
 618 625 659 625 635 637 643 793 793 793 794 793 794 887 890 890 929
 618 626 660 660 683 734
 618 627 663 640 642 663 683 683 742 835 880 950 950 957
 618 632 618 649 652 727 735 835 842 893 951 951 983 984 984 984 984 1009 1009 1028 1028 1082
 618 635 666 637 649 685 685 685 685 729 796 796 802 802 802 802 984 984 984 984 996
 619 620 619 635 675 650 653 675 675 675 675 675
 619 621 672 619 627 639 672 643 660 660 672 672 672 672 672 672 672 690 672 672 672 684 684 703 703
 619 622 619 633 673 651 656 673 673 673
 619 623 619 625 642 652 658 658 658 658 658 658 685 685 695
 619 632 619 634 674 619 619 640 647 649 674 655 674 674 674 674 674 674
 620 621 682 953 659 692 692 732 760 760 894 963 1068
 620 623 683 659 683 725 742 744 794 794 802 802 802 802 997 1028 1028
 620 624 684 622 624 684 691 788 789 910 963 966 1086
 620 626 626 631 626 633 705 626 660 666 660 697 702 702 702 702 705 732 735
 620 627 642 657 697 716 803 839 870 952 962
 620 633 954 622 635 777 926 954 954 954 954 954 954 954 954 954 954 954 954 954 954 954 968 968 968 968 1013 1063 1063 1066
 620 634 620 640 653 785 786 926 960 990 991 991 991 991 991 991 991 991 1003 1003 1005 1075 1075 1082 1088
 621 622 659 682 691 741 759 759 895 952 962 1069
 621 623 684 748 816 816 818 1033
 621 625 623 624 624 625 682 695 713 731 815 815 891 891 965
 621 626 625 626 658 672 658 672
 621 632 621 638 639 690 734 734 741 738 770 770 838 887 929 955 955 1080 1080 1090 1090
 621 633 691 666 682 735 752 752 896 953 966 1068
 621 634 621 639 652 690 727 747 748 774 774 836 847 874 900 900 1033 1033 1092 1092
 621 635 692 666 692 682 738 753 753 893 952 964 1069
 622 626 626 632 626 626 635 659 660 660 698 703 703 705 705 738 741
 622 627 642 646 697 714 714 805 841 873 953 963
 623 627 642 645 696 663 663 695 696 696 696 711 749 815 815 858
 623 628 625 628 625 629 665 698 713 728 817 817 892 958
 623 629 665 685 686 685 687 685 685 686 697 727 806 806 817 817 993 993
 623 631 623 662 662 687 744 763 746 749 749 763 803 806 806 853 987 853 879 1000
 623 634 623 638 640 727 729 742 747 755 755 807 807 814 987 994 994 1009 1009 1035
 624 632 624 634 624 624 690 690 785 786 788 790 790 906 907 959 967 1090 1090 1092 1092
 624 633 624 635 684 684 691 787 791 791 911 962 964 1085
 625 627 625 630 696 696 712 712 816 816 836
 625 631 697 625 659 663 663 716 763 763 894 896 963 966
 625 632 698 625 663 666 716 663 755 755 893 895 962 964
 627 632 627 713 715 715 744 747 746 749 785 831 831 843 863 900 900 907 958
 627 633 714 642 651 698 714 813 845 871 952 964
 627 634 715 627 713 715 737 742 740 741 788 840 840 844 865 906 955 955 965
 627 635 716 642 647 698 814 842 872 953 966
 628 629 720 686 720 720 720 720 720 720 720 784 795 795 1063
 628 630 721 628 636 723 721 721 723 721 785 789 830 883 884 964
 628 631 722 628 722 786 787 961 1014 1015 1073
 629 631 956 629 687 710 710 722 722 727 735 803 809 809 852 986 956 956 956 985 986 1008 1016 1016
 631 636 636 645 654 788 790 790 828 881 888 942 942 967 1034 990 991 991 991 991 991 991 991 991 1035
 632 635 635 649 650 786 787 926 1073 960 989 989 992 992 992 992 992 992 992 992 992 992 992 992 992 992 992 992 1011 1011 1012 1073 1082 1087 1087
 637 650 637 652 666 666 743 743 754 754 754 754 869 887 890 890 936 984 984 1001 984 984 996 1001 1028 1028 1073 1073
 637 655 695 796 796 797 797 937 950 953 950 964 983 994 994
 637 656 695 796 796 800 800 800 800 938 949 952 949 964 983 995 995
 638 642 659 642 653 643 649 715 659 715 736 742 859 859 868 869 887 925 967
 638 643 663 663 663 663 713 734 734 740 742 773 773 790 790 844 857 892 908 908 930 959
 638 647 652 655 735 747 872 880 895 937 988 996 1035 1043 1043 1082
 638 651 652 656 726 769 769 838 845 871 938 986 986 995 995 1023 1032 1032 1091 1091
 638 653 666 666 695 695 729 751 751 925 929 936 960 967 985 996 997 1002 1002
 639 640 682 682 690 698 698 733 733 734 734 740 762 762 844 880 925 959 1062 1062 1065
 639 647 693 693 733 733 741 840 859 932 1083 1083 1092
 639 648 676 689 676 689 689 711 689 689 689 689 689 727 742 773 773 804 804 823 828 832 832 837 837 844 908 908
 639 649 682 682 690 695 695 726 727 729 751 751 843 851 851 858 930 965 967
 639 650 639 653 692 692 692 692 732 738 770 768 768 770 839 842 931 933 1085 1086
 639 651 694 741 772 772 772 772 845 934 1085
 639 655 693 693 726 747 831 834 886 1022 1090
 639 656 694 735 769 769 841 935 1086
 641 644 686 686 727 804 804 848 857 892 1075
 641 646 669 669 687 969 745 808 808 836 841 838 876 850 873 969 969 969 1006 1017 1017
 641 657 671 671 687 746 805 854 988 858 870 896 970 970 970 970 997 1000 1004
 643 647 713 717 717 717 717 731 756 745 746 748 756 836 858 861 886 906 971 971
 643 648 680 712 680 680 680 712 712 712 730 742 763 763 811 811 814 822 836 847 905 912 912 942 942
 643 650 713 716 716 735 758 758 787 803 809 809 842 862 893 911 931 974 974
 643 651 713 718 718 732 757 757 789 805 808 808 841 866 896 910 935 973 973
 643 652 663 663 663 663 713 727 744 749 775 775 786 833 833 843 846 891 891 909 909 967
 643 653 716 713 716 741 762 762 788 810 810 814 839 867 894 910 933 972 972
 643 655 717 713 717 717 717 736 737 738 739 739 760 760 838 860 880 907 932 975 975
 643 656 718 713 718 738 759 759 791 791 812 812 813 845 864 895 911 934 976 976
 644 646 669 710 669 700 700 700 700 710 737 747 769 769 812 812 884 941 941 988 995 995 1019 1040
 644 654 670 719 670 710 710 719 719 719 730 748 774 774 811 811 883 939 939 987 994 994 1018 1039
 644 657 671 671 710 710 724 724 724 724 724 724 724 724 726 735 736 813 882 882 940 940 986 986 996 1013 1015
 646 654 780 781 781 942 944 944 947 947 947 947 975 977 977 981 1020 1045 1050
 647 653 650 655 785 787 945 945 978 978 978 978 989 989 990 1005 1012 1076 1076 1087 1087 1088
 648 655 679 711 679 737 813 825 834 834 841 845 854 873 880 944 944 944 944 1010
 648 656 681 681 711 736 812 812 826 831 831 838 841 852 870 895 943 943 943 943 1021 1021
 650 652 659 698 659 698 744 758 758 859 859 868 887 960 996 1001 1001 1002 1002 1008 1073 1073
 650 656 651 653 777 779 779 926 928 928 946 946 946 946 980 980 980 980 1013 1024 1024 1066 1077 1077 1081 1081
 654 657 788 948 948 979 979 990 1007 1074 1088
 658 659 658 658 666 675 658 675
 658 660 658 663 672 672 682
 659 666 750 750 968 1001 968 968 968 1001 1053 1053 1053 1054 1053 1054
 662 664 664 668 670 764 765 765 828 881 900 901 902 902 1007
 662 665 710 662 665 697 722 697 710 722 736 742 744 758 758 878 878 961 961 985 997 1001 1001 1008
 665 720 720 720 720 725 792 792 1053 1053
 670 671 764 888 904 914 979 979
 672 673 691 672 672 694 672 672 672 673 673 705 673 714 694 707 707 707 718
 672 674 672 672 693 672 672 672 674 674 674 715 690 703 693 706 706 706 717
 672 675 692 672 672 672 675 675 675 716 691 705 692 705
 676 678 688 676 678 688 688 688 690 711 749 805 810 810 814 827 840 840 844 850 905 942 942
 676 679 981 676 693 679 693 745 805 840 856 889 889 913 981
 676 681 982 676 681 694 746 808 808 885 982 1031 1031
 678 680 709 680 709 709 709 715 763 773 764 765 765 810 828 905 913 913
 682 683 683 684 740 908 957 1059 1059
 686 687 686 710 710 749 775 775 855 855 878 961 985
 700 720 720 797 800 800 1079
 710 720 720 720 722 720 720 720 720 720 743 754 754 793 793 794 796 802 802 968 968
 719 720 720 720 723 720 797 798 798 801 801 1079 1079
 720 724 796 954
 725 727 1026 725 728 784 795 795 807 807 835 846 892 925 957 958 957 993 993 1026 1075 1075
 725 730 794 794 801 801 801 801 816 816 876 953 957 963 1006 1025 1025
 725 737 1027 794 794 797 797 815 815 879 952 957 963 1004 1027
 726 729 743 743 776 777 776 796 796 796 796 882 936
 726 738 731 741 768 768 787 845 864 887 995 995 1002 1002 1012 1019 1024 1024 1087 1087
 726 739 735 739 748 774 774 788 876 877 877 888 985 988 999 1018 1041 1088
 726 742 749 804 805 804 813 834 834 854 857 858 865 879 990 994 994 1010
 727 729 743 743 784 786 802 802 802 802 802 802 802 802 835 843 909 855 869 855 899 899 899 899 909 960 984 984 984 984 985
 727 736 735 742 746 775 775 852 855 855 879 904 904 987 993 993 997 1003 1000 1003
 727 737 745 747 773 749 773 832 832 839 849 850 854 858 875 875 881 901 901
 727 738 1030 731 734 732 734 786 839 857 893 996 997 1010 1023 1030 1082
 727 739 748 790 849 903 903 909 912 987 1035
 727 742 749 902 902 991 991
 728 736 746 787 809 809 814 843 862 884 896 988 1002 1002 1005 1036 1036 1042 1042
 728 737 745 785 803 810 810 841 845 877 847 866 877 885 1007 1020 1020 1034
 728 742 749 786 803 814 833 833 842 859 859 880 863 894 990 1000 1035
 729 735 754 754 754 754 784 787 796 796 796 796 926 936 951 951 983 984 984 998 984 984 985 986 986 998 1015
 729 738 753 753 928 938 995 995 996 1011 1011
 729 739 752 752 791 927 937 986 986 988 998 1037
 730 736 764 764 811 811 813 818 818 876 877 877 883 888 892 910 896 1007 1050 1050
 730 742 765 765 818 856 856 881 894 908 1029 1029 1033
 731 732 767 743 753 743 753 767 767 767 767 767 767 767 784 838 860 890 890 983 997 1013 1014 1027 1027 1066
 731 733 732 733 1031 747 770 770 785 844 867 895 1002 1002 1005 1031 1034 1041 1085
 731 740 744 759 757 757 759 789 838 840 840 865 988 1004 1031 1031 1032 1032 1038 1069
 732 740 744 760 748 756 756 760 856 856 876 881 997 1003 1003 1006 1031 1031 1043 1043 1068
 732 741 1032 735 738 766 766 777 925 931 952 952 1001 1001 1013 1032 1064 1066 1077 1077
 743 744 750 743 750 792 792 878 1054
 743 747 751 743 751 784 785 797 797 797 797 879 884 897 897 983 987 999 1026 1026 1039 1064
 743 748 752 743 752 784 789 798 798 798 798 876 883 898 898 898 898 983 988 999 1025 1025 1040 1067
 743 749 755 743 755 794 794 803 794 794 795 795 831 831 835 843 852 868 897 897 926 983 1014
 750 754 758 754 792 1008 1028 1051 1051 1051 1051 1051 1051 1054 1054
 750 759 1040 750 760 752 753 820 820 820 1013 1032 1043 1055 1055 1056 1056
 750 763 755 821 821 821 900 917 923 923 1039
 751 754 769 754 776 779 800 800 800 800 938 951 1019 1027 1060 1064 1060 1060
 751 770 753 1012 1030 1070 1074
 751 771 752 783 940 956 970 1042 1045 1071
 751 773 755 807 810 815 815 901 902 902 955 959 1010 1034
 752 754 774 754 776 782 798 798 937 951 1018 1025 1061 1061 1067 1061 1061 1061 1061
 753 754 754 766 767 767 768 767 767 776 929 949 949 1023 1028 1060 1060 1060 1066
 754 755 754 775 793 809 793 793 793 795 897 899 899 951 960 1015 1016 1016
 756 757 767 767 767 767 792 792 798 798 820 820 820 1004 1006 1025 1027 1052 1052 1052 1052 1052 1052 1055 1055
 756 761 757 761 819 819 819 919 969 970 981 982 1057 1057 1057
 756 762 758 760 768 774 1005 1007 1029 1029 1030 1072 1072 1076 1076
 757 762 1041 758 759 766 782 932 955 1043 1071 1071 1077 1077
 758 763 775 806 809 817 817 902 902 904 956 956 961 961 1000 1036 1036
 766 772 768 769 770 772 779 934 955 1024 1024 1032 1070 1070 1084 1084
 769 771 774 781 941 956 969 1020 1048 1072
 769 773 775 804 808 812 901 904 1017 1017 1021 1021 1030 1038
 776 795 778 804 799 799 807 930 950 950 1022 1022 1026 1059 1059 1065
 777 778 805 778 803 813 814 851 851 886 925 927 932 927 933 953 953 1039 1045 1045
 777 782 782 787 788 791 789 791 926 927 927 945 945 1040 1041 1046 1046 1067 1081 1081 1084 1084
 778 779 808 809 812 810 900 914 914 935 1032 1041 1048 1048
 779 781 783 782 922 923 923 1044 1049 1049 1056 1078 1078
 780 783 783 785 789 942 943 943 948 948 976 982 1042 1047 1047 1048 1050
 786 789 790 791 989 990 1037 1038 1089 1091 1091
 792 795 806 821 821 821 915 917 915 958 1026
 793 799 811 793 801 801 816 898 898 950 966 1018
 793 812 793 800 799 800 815 897 949 962 1019
 819 820 1044 1058 1058 1058
 822 825 827 873 932 947 947 947 947 981 981 1007
 822 826 827 863 866 865 867 870 934 948 948 948 948 982 982 1005 1007 1020 1020 1041
 822 824 828 830 830 881 888 906 907 931 939 939 961 961 1003 1005 1003 1038 1041
 823 824 827 830 830 848 850 848 853 853 854 865 867 905 906 910 933 939 939
 823 825 828 850 854 861 866 865 873 889 881 885 886 889 889 889 977 977 977 977 981 981
 823 826 828 870 885 906 910 913 913 935 979 979 979 979 982 982 1000 1003 1003 1017 1017 1038
 824 825 864 865 941 941 945 1005 1024 1024
 824 826 868 871 940 940 946 946 1012 1013
 825 826 829 829 919 919 922 922 932 934 1076 1077
 828 829 916 916 917 959 1075
 831 832 837 837 841 879 885 901 901 913 993 1017
 831 833 887 842 859 862 895 989 989 1016 1091
 832 833 849 856 857 861 880 908 908 993 1022
 832 834 889
 833 834 839 840 844 845 866 990 1017 1090
 835 836 872 890 896 898 898 912 927 1025 1025 1089
 835 837 849 851 874 877 957 957 959 1026 1026
 835 841 858 871 928 983 1010 1027 1027
 836 842 847 880 857 867 876 887 894 896 905 990 1018 1029 1029 1029 1029 1089 1089
 836 843 849 855 884 855 875 875 876 883 892 893 903 903 903 903 904 904 907 988 1038
 837 842 837 843 847 879 849 858 888 875 875 892 902 902 902 902 905 906 987 1034
 838 839 841 843 857 858 864 893 985 989 989 995 995 1014 1019 1021 1021 1030 1030
 838 844 879 891 891 895 901 901 906 908 908 910 987 997 1030 1030 1031 1031 1038 1086
 839 844 847 856 859 894 913 991 991 991 991 1007 1092
 839 845 841 842 851 851 925 928 934 926 928 1074 933 935 952 955 952 955 1064 1074
 842 843 887 893 992 992 992 992 992 992 992 992 996 1012 1015
 846 850 861 860 883 872 910 912 912 932 959 971 971 1000 1006 1010 1045 1045
 846 852 862 869 911 929 962 962 974 974 998 998 1009 1008 1015 1009 1016 1016 1064 1082
 846 853 863 852 853 868 878 878 884 907 931 958 963 963 999 1000 1014 1039
 846 854 866 871 906 934 959 973 973 999 1010 1004 1014 1017 1017 1074 1074 1089 1089
 848 852 860 870 911 940 940 961 1010 1077
 848 854 864 873 907 941 941 961 1021 1021 1076
 850 852 871 874 888 884 885 914 914 914 914 935 958 973 973 1004 1020 1020 1034 1050 1050
 852 854 882 882 884 886 930 937 967 975 975 1022 1022 1023 1035 1045 1045 1068 1086
 855 858 882 855 857 860 909 909 996 997
 860 864 869 871 882 882 938 960 980 980 980 980 998 998 1011 1011 1013 1019 1023 1066 1082
 860 865 878 999 1003 1003 1004 1013 1075 1077
 860 867 884 906 911 999 1012 1005 1012 1014 1034 1038 1046 1046 1084 1084 1089 1089
 861 862 864 885 888 905 907 910 1005 1007 1021 1021 1036 1036 1038 1047 1047 1047 1047 1048 1048
 862 863 868 872 945 1012 1040 1042 1042
 862 866 864 867 886 931 932 1076 933 945 945 1024 1024 1041 1048 1048 1049 1049 1049 1049 1076 1084 1084
 868 869 878 936 960 968 968 968 968 968 968 968 968 1008 1063 1063 1073
 868 874 881 905 913 913 933 1075 959 963 963 1007 1010 1034 1039 1050 1050 1075 1089 1089
 869 872 884 907 911 937 960 978 978 978 978 1011 1011 1015 1035 1037 1037 1040 1067 1091 1091
 869 874 883 905 912 912 930 966 966 972 972 1009 1009 1018 1033 1033 1035 1039 1065 1092 1092
 870 873 886 871 872 917 920 917 920 922 922 935 1013 1040 1044 1044 1044 1044 1045 1045 1055 1055 1074 1074
 878 881 883 1006 1014 1038 1040 1075 1076
 879 880 887 891 891 893 902 892 894 902 902 902 907 985 994 994 997 1005 1014 1088
 882 888 883 1015 1018 1037 1037 1046 1046 1088
 890 891 890 895 897 897 911 983 1002 1012 1081
 890 893 899 899 909 983 989 984 984 1011 984 984 996 998 1011
 892 896 904 904 909 909 911 985 988 986 986 987 990 994 994 996 999 1015 1037 1037
 893 895 894 896 900 900 925 926 931 953 953 1001 1001 1039 1040 1043 1043 1067 1076 1076
 897 899 900 899 902 902 904 950 951 967 950 1026 1035 1028 1088
 897 901 914 1026 1027 1034 1074
 898 903 899 1037
 910 911 914 914 1013 1039 1041 1046 1046 1074 1078 1078
 915 918 923 951 956 974 1051 1051 1051
 915 920 915 969 970 971 973 1025 1027 1044 1052 1052 1052
 916 919 916 920 971 973 977 977 979 979 981 982 1004 1006 1044 1044 1057 1057 1057 1057 1057 1057
 917 918 918 960 961 967 1054
 918 920 918 921 921 921 922 921 937 938 940 941 975 976 978 978 980 980 1056 1056
 919 920 924 924 924 924 1055 1058 1058 1058 1058 1058 1058
 921 924
 929 931 936 964 964 967 1011 1011 1012 1014 1015 1064 1073 1073 1081 1081 1082 1087 1087 1091 1091
 929 932 937 965 975 975 1004 1008 1005 1013 1065 1066 1068 1069 1071 1071 1071 1071 1088
 929 934 938 965 976 976 1012 1019 1023 1024 1024 1069 1070 1070 1070 1070 1080 1081 1080 1081 1085 1087 1087
 930 933 936 964 965 964 1009 1009 1010 1014 1023 1062 1062 1064 1080 1080 1085 1086 1090 1090
 930 935 938 967 976 976 1010 1015 1019 1021 1021 1069 1074 1074 1082 1086 1090 1090 1091 1091
 931 934 1077 933 935 946 946 1078 1077 1078 1078 1078 1084 1084
 936 937 945 998 999 998 1067 1081 1081 1088
 936 938 946 1066 1087
 939 940 948 979 999 1046 1050 1078
 939 941 947 977 1047 1049
 949 955 965 949 951 1027 1028 1030 1032 1059 1060 1059 1060 1060 1069 1086
 952 954 953 954 954 1079 954 1053 1055 1053 1079
 958 960 966 966 967 974 974 1000 1008 1015 1016 1016 1035 1036 1036 1037 1037 1042 1039 1042 1088
 959 960 962 965 962 972 972 1034 1035 1038 1041 1064 1065 1082 1088 1090 1090 1092 1092
 962 964 968 963 966 968 968 968 1039 1040 1063 1064 1063 1067 1079 1079 1079 1079 1079 1079 1079 1079
 971 974 978 972 975 978 1018 1020 1019 1042 1046 1047 1047 1049 1049 1072 1072
 972 976 980 973 974 980 1045 1046 1049 1048 1049 1064 1067 1071 1071 1078 1078
 984 992
 985 987 991 991 993 1016 1036
 1006 1007 1008 1018 1023 1033 1033 1040 1041 1050 1050 1065 1067 1068 1072 1072 1072 1072 1086 1088
 1016 1017 1019 1022 1034 1048 1048 1086 1088 1091 1092
 1025 1028 1029 1033 1043 1059 1061 1061 1061 1068
 1051 1052 1056 1051 1060 1061 1071 1061 1072
 1052 1057 1058
 1054 1073
 1054 1055 1054 1055 1056 1056 1056 1056 1066 1067 1068 1069 1076 1077
 1060 1070
 1062 1063 1063 1065 1075
 1062 1066 1069 1073 1077 1080 1083 1080 1082 1083 1083 1083 1085
 1062 1067 1068 1073 1076 1082 1085 1089 1089 1092 1092
 1064 1066 1070 1070 1074 1078 1078 1081 1081 1084 1084 1085 1086
 1083 1084 1085 1087 1087 1090 1091
