 9 9
 9 10 9 9 11 9 9 9 9 9 9 9 9 9 9 9 9 9 9 9 9 9 9 9 9 9 9 9 9 9 9 9 9 9 9 9 9 9 9 9 9 9 9 9 9 9 9 9 9 9 10 11
 9 9 9 9 9 12 9 9 9 9 9 9 9 9 9 9 9 9 9 15 9 9 9 9 9 9 11 12 12 12 15 15
 9 9 9 9 9 9 9 9 9 9 9 9 9 9 9 9 9 9 9 9 9 9 9 9 9 9 9 9 9 9 9 9 9 9 9 9 9 9 9 9 9 9 9 9 9 9 9 9 9 9 9 9 9 9 9 9 9 9 9 9 9 9 9 9 14 14 21 21
 9 16 9 17 9 9 9 9 9 9 9 18 9 9 9 9 9 9 9 9 9 9 9 9 9 9 9 9 9 9 9 9 9 9 9 9 9 9 9 9 9 9 9 9 9 9 9 9 9 9 9 9 9 9 9 9 9 9 9 9 9 9 9 9 9 9 9 9 9 9 9 9 9 9 9 9 9 9 9 9 9 9 9 9 9 9 9 9 9 9 9 9 9 9 9 9 9 9 9 17 17 17 18 18
 9 9 9 9 9 9 9 9 9 9 9 9 9 9 9 9 9 9 9 9 9 9 9 9 9 9 9 9 9 9 9 9 16 16
 9 9 9 9 9 9 9 9 9 9 9 9 9 9 9 9 9 9 9 9 9 9 9 9 9 9 9 9 9 9 9 9 21 22 22 22
 10 10 10 10 25 25
 10 11 10 10 10 11 11 11 51
 10 23 10 10 10 23 23 23 23 24 23 23 23 23 23 23 23
 10 24 10 10 10 10 10 10 10 10 10 10 10 10 10 10 10 24 24 24 50 50 50
 10 10 10 10 10 10 10 10 10 10 10 10 11 11 11 11 11 11 11 11 24 24 45 45 45 45 45 45 45 45 45 45 45 45 48 48 48 48 49 49 55
 10 25 10 10 10 25 47
 10 10 10 10 10 10 10 10 11 11 11 11 11 11 11 11 24 24 25 25 25 25 25 25 25 25 51 51 51 51
 10 10 10 10 10 33 10 10 10 10 16 10 10 10 10 10 10 10 11 11 11 11 11 11 11 11 16 16 16 16 16 24 24 33 47 47 47 47 50 50 50 50 50 50
 10 12 10 10 10 17 10 10 12 12 12 12 12 12 12 12 12 12 12 12 12 12 12 12 12 12 12 12 12 12 12 12 12 12 12 12 12 12 12 12 12 12 12 12 17 12 12 12 12 12 12 12 12 12 12 12 17 17 24 48 48 48 48 49 49
 10 26 10 10 10 32 10 10 11 11 11 11 26 26 26 26 26 26 26 26 26 26 26 32 32 49 49 49 49
 10 10 10 31 10 10 10 10 10 11 11 11 11 16 16 16 24 31 31 31 31 31 31 31 31 47 47 51 51 51 51
 10 29 10 10 10 10 10 10 10 10 10 10 10 13 13 13 13 13 13 13 13 13 13 13 13 20 20 20 20 29 52 29 30 52 67
 10 15 10 15 54 15 15 15 15 15 15 15 15 15 15 18 31 31 31 54 54 54 56
 10 10 10 10 10 10 15 15 15 15 15 15 15 15 15 15 15 15 15 15 15 15 15 15 15 15 15 15 15 15 15 18 15 15 15 15 15 15 15 15 15 15 15 18 18 33 55 57 57
 10 10 10 10 10 10 10 10 10 10 10 10 17 17 17 17 17 17 17 17 17 17 17 17 17 17 17 17 32 55 32 32 32 32 32 37 37 37 37 55 58 58
 10 18 10 44 10 10 18 18 18 32 32 44 44 44 44 44 44 44 56 56 63
 10 34 10 10 10 10 10 10 10 10 10 10 10 16 16 16 16 16 16 34 34 34 58 34 34 34 34 34 34 34 34 36 36 36 58 59
 10 35 10 37 10 10 10 10 10 10 10 10 10 10 16 16 16 16 16 16 35 35 35 35 35 37 37 37 59 62
 10 10 10 10 10 10 10 19 10 10 10 10 10 17 17 17 17 17 17 17 19 17 19 19 19 19 19 19 19 19 19 19 19 19 19 19 33 33 57 57 60 64 65
 10 36 10 10 10 10 10 10 38 10 10 10 20 10 10 10 10 10 10 10 10 10 10 10 10 10 10 17 17 17 17 17 17 17 17 17 17 17 17 17 20 17 17 17 20 20 20 20 20 20 36 36 36 36 36 38 38 38 59 60 60 62 66
 10 10 10 10 10 10 10 41 10 10 10 10 10 18 18 18 18 18 18 18 18 18 18 18 18 37 37 37 37 41 41 59 64 64
 10 39 10 10 40 10 10 10 10 10 10 10 10 10 19 19 19 19 19 19 19 19 19 19 19 19 19 19 19 19 20 20 20 20 39 39 65 65 66
 10 10 10 10 10 10 21 21 21 35 35 35 42 42 62
 10 10 10 10 10 10 10 10 10 10 10 10 20 20 20 20 20 20 20 20 41 41 41 42 42 42 42 67 68
 10 10 10 10 10 10 14 14 14 27 27 27 42 42 68
 10 10 22 22 22 35 44 44 44 44 63
 11 12 12 12 12 12 12 73
 11 11 12 11 11 12 12 12 12 12 12 12 12 12 12 12 12 12 12 12 12 12 12 12 12 12 12 12 24 26 26 26 26 26 26 70 70
 11 19 46 46 46 71
 11 11 11 19 11 19 19 19 47 72 72
 11 11 11 11 11 11 11 11 11 11 11 11 11 18 11 11 11 18 18 18 18 18 47 47 48 48 48 48 49 49 56 56 56 57 57
 11 11 11 11 11 11 11 11 11 17 11 11 11 11 11 11 11 17 17 17 17 17 17 17 49 49 49 49 50 50 50 55 55
 11 11 11 11 17 17 48 48 51 54 54 54 54 54 54
 11 11 11 11 15 15 15 15 15 15 15 15 15 15 15 15 15 15 15 15 15 15 51 51 70 70 73 73 73 73 73 73 73 73
 11 11 11 22 11 11 11 11 11 14 14 14 18 18 18 18 18 18 22 22 22 22 22 22 22 22 53 53 53 66 77 77 85
 11 16 11 11 11 11 11 11 11 16 16 16 87 16 16 18 18 18 18 18 18 55 55 64 64 72 72 72 72
 11 11 11 11 16 17 16 16 17 17 17 55 56 56 56 70 70 70 70 89
 11 11 11 11 11 11 11 11 11 11 11 11 11 11 11 11 16 16 16 16 16 16 16 16 16 16 16 16 20 20 20 20 20 20 20 20 59 59 62 62 78 78 78 78 90 90
 11 11 11 11 11 11 11 11 11 11 11 11 11 11 11 11 16 16 16 16 16 16 16 16 16 16 16 16 17 17 17 17 17 17 17 17 17 17 17 17 17 17 17 17 58 58 58 58 59 59 74 74 74 74 74 74 74 74 87 87
 11 11 11 11 11 11 11 11 16 16 16 16 16 16 18 18 18 18 18 18 58 63 58 63 63 75 75 89 89
 11 11 11 11 16 16 16 20 20 60 61 61 61 77 88
 11 11 11 11 11 11 11 11 11 11 11 11 11 11 11 11 14 14 14 14 14 14 18 18 18 18 18 18 18 18 18 18 18 18 21 21 21 21 21 21 62 62 68 68 78 78 78 78 86 86
 11 11 11 11 11 11 11 11 17 17 17 17 17 21 17 22 17 17 21 21 22 22 22 22 22 22 22 22 62 63 63 63 75 75 88 88
 11 21 11 11 11 11 11 11 11 17 17 17 17 17 17 17 17 21 21 21 21 21 66 66 76 76 90
 12 16 12 12 12 12 12 12 12 70 70 72
 12 12 12 12 12 12 12 12 12 12 12 12 12 12 12 12 12 12 12 12 12 12 12 12 12 12 12 12 12 12 12 12 16 16 21 21 75 75 78 78
 12 12 12 12 12 12 12 12 12 12 12 12 12 12 12 12 12 12 12 12 12 12 12 12 12 12 12 12 12 12 12 12 16 16 16 16 74 74 74 74 75 75
 12 12 12 12 12 12 12 12 12 12 12 12 12 21 12 12 12 12 12 12 12 12 12 12 22 12 12 12 12 12 12 12 12 12 16 16 22 22 76 76 77 77
 13 82 13 13 13 16 16 16 16
 13 83 16
 14 15 14 15 15 15 15 15 15 15 15 15 15 15 15 15 15 15 15 15 15 15 15 15 15 15 15 15 15 15 15 15 15 15 15 15 15 15 15 15 15 15 15 15 15 15 15 15 15 15 16 16 16 16 21 21 85 85 90 90
 14 15 16 15 15 15 15 15 15 15 15 15 15 15 15 15 15 15 15 15 15 15 15 15 15 15 16 22 22 22 86 88 88
 15 15 15 15 15 15 15 15 15 15 15 15 15 15 15 15 15 15 15 15 15 15 15 15 16 16 16 16 87 89 89
 16 92 16 16 16 16 16 16 16 16 16 16 16 19 19 19 19 19 19 19 19 19 19 19 19 19 19 19 19 82 92 95 95
 16 19 16 16 19 19 19 84 91 91 94
 23 23 23 23
 23 23 23 23 26 23 23 23 23 23 23 23 23 23 23 23 23 23 23 23 23 23 23 34 23 23 24 24 26 26 26 26 26 26 34 26 34 34
 23 23 23 23 23 23 23 23 23 23 23 23 23 23 23 23 23 23 23 23 23 23 23 23 24 24 25 25 25 25 25 25 25 25
 23 23 23 39 23 29
 23 30 23 23 23 23 23 23 23 23 23 23 23 23 23 23 23 23 23 23 23 23 23 23 23 23 23 23 23 23 23 23 23 29 29 30 39 39 40 40
 23 31 23 32 23 23 23 23 23 23 31 32 36
 23 23 23 33 23 23 23 23 23 31 31 31
 23 23 23 23 23 23 23 23 23 23 23 23 23 23 23 23 37 23 23 23 23 23 23 23 23 23 23 23 23 23 23 23 23 23 23 23 23 23 23 23 23 23 23 23 23 23 23 38 23 23 23 23 23 23 23 23 23 23 23 23 23 23 23 23 23 23 23 23 23 23 23 23 23 23 32 32 32 32 32 32 33 33 36 36 36 37 37 37 37 37 37 37 38 38 38
 23 23 23 23 23 23 23 23 23 23 23 23 33 33
 23 23 23 40 23 23 23 23 23 23 23 23 23 23 23 23 23 39 39 40
 23 23 23 23 23 23 23 23 23 23 23 23 23 23 23 23 23 23 23 23 23 23 23 23 28 28 28 30 40 43 43 43
 23 23 23 23 23 23 23 23 23 23 23 23 40 43 43 43
 23 23 39
 24 24 26 24 24 26 26 26 26 26 26 26 26 26 26 26 26 26 26 26 26 26 26 26 26 26 26 26 74 74
 24 24 38 46 46 46 46 48 46 46 46 46 46 46 46 46 48 48 48 60
 24 24 24 24 25 25 25 25 25 25 25 25 25 25 25 25 45 45 45 45 45 45 45 45 45 45 45 45 49 49 49 49 58
 24 24 24 24 24 38 24 24 24 38 38 38 47 47 47 47 49 49 49 49 49 49 49 49 59 59
 24 24 24 24 25 25 25 25 25 25 25 25 25 25 25 25 25 25 25 25 50 50 50
 24 24 24 24 35 35 35 35 35 35 47 47 47 47 75 75 76 76
 24 24 24 34 24 34 34 34 34 34 34 34 34 34 34 34 50 50 50 50 50 50 74 74 74 74 74 74 74 74
 24 34 34 34 51 51 70 70 70 70
 24 24 24 24 24 24 24 32 24 32 32 32 32 32 32 32 32 32 32 32 48 48 48 48 48 48 55 48 48 49 51 49 49 58 49 51 51 51 51 51 51 51 55 58
 24 24 25 25 25 25 25 25 25 25 33 33 46 46 46 46 46 51 46 46 46 46 46 46 46 47 51 51 51
 24 24 25 25 26 25 25 25 25 25 25 25 25 37 25 25 26 26 26 26 26 26 26 26 26 26 26 26 26 26 26 26 26 26 37 26 26 26 26 26 37 37 48 48 48 48 48 48 48 48 49 49 49 49
 24 24 24 33 24 25 25 25 25 25 25 25 25 25 25 25 25 25 25 25 25 33 33 33 47 47 47 47 50 50 50 51 51 51 51
 24 24 29 29 29 36 36 36 43 43 43 52 52 66 77 77 83 83
 24 31 24 31 31 31 31 31 31 31 31 87 31 31 31 31 36 31 31 31 31 31 36 36 55 55 62 75 75
 24 31 31 31 31 31 88 31 31 44 31 31 44 44 44 44 44 44 44 44 44 44 44 57 57 64 77
 24 24 37 37 48 48 48 48 51 51 55
 24 24 24 24 24 24 24 24 37 37 37 37 37 37 37 37 49 49 49 50 49 49 49 49 49 50 50 50 50 50 58 58 58 58
 24 24 24 24 24 24 24 24 36 36 36 36 36 36 47 47 47 47 48 48 48 48 48 48 48 48 49 49 49 49 59 60 60
 24 24 33 33 37 37 37 37 54 54 54 54 54 54 54 54 54 56 54 54 54 55 56 56 57 57 70 70 70 70 70 70 70 70 91 91 91 91
 24 24 24 24 24 24 24 24 33 33 33 33 33 33 33 33 37 37 37 37 37 37 37 37 37 37 37 37 37 37 37 37 55 55 55 55 58 58 58 58 59 59 60 60 60 60 74 74 74 74 74 74 74 74 74 74 74 74 74 74 74 74 92 92 92 92
 24 24 32 32 32 32 32 32 33 33 58 58 60 60 70 70 70 70 70 70 70 70 87
 24 24 32 32 33 32 32 32 32 33 55 55 57 57 57 57 73 73 73 73 73 73 73 73 73 73 73 73 73 73 73 73 73 73 73 73 73 73 73 73 73 73 73 73 73 73 73 73 89 89
 24 24 24 24 30 30 36 36 36 39 36 36 36 39 39 39 39 39 64 64 64 64 68 68 78 78 78 78 82
 24 24 24 24 33 33 33 33 41 41 41 41 41 41 57 57 57 57 60 60 65 64 64 65 79 79 79 79 79 79 79 79 93 93
 24 24 24 43 24 37 37 37 37 37 37 37 37 40 40 43 43 43 43 43 61 61 61 61 61 63 61 62 63 63 64 64 75 75 75 75 93 93
 24 24 33 33 38 38 54 54 54 71 54 54 54 54 54 54 61 54 54 54 55 61 61 65 71 71 71 71 71 71 71 91 91 91 91
 24 24 24 24 24 24 24 24 33 33 33 33 33 38 33 33 33 38 38 38 38 38 38 38 55 55 55 62 55 58 58 58 58 62 66 66 76 76 76 76 76 76 76 76 92 92 92 92
 24 24 24 24 33 33 33 33 41 41 41 41 41 41 56 56 56 56 56 56 59 63 63 63 66 77 77 77 77 93 93
 24 33 42 42 60 65 77 88
 24 39 24 28 28 28 36 36 36 39 39 65 65 67 77 77 84 84
 24 24 24 24 33 33 33 33 42 42 42 42 42 42 42 42 59 59 66 66 78 78 78 78 90 90
 24 24 33 33 36 36 36 58 66 58 75 75 87
 24 24 33 33 36 36 36 55 55 65 65 72 72 72 72 89 89
 24 40 24 24 24 37 37 37 37 37 37 37 37 40 40 40 65 65 65 65 66 66 76 76 76 76 93 93
 24 24 24 24 32 32 32 32 32 39 32 32 32 32 32 32 32 39 39 39 39 39 40 40 62 62 64 64 64 64 72 72 72 72 72 72 72 72 90 90
 24 24 24 24 24 24 24 24 30 30 30 30 38 38 38 38 38 38 38 38 40 40 40 40 52 52 52 52 65 65 65 67 65 66 66 67 79 79 79 79 79 79 79 79 79 79 79 79 79 79 79 79 81 81
 24 24 31 31 31 70 31 31 31 31 31 31 31 31 31 31 32 31 31 31 31 31 32 32 32 32 32 55 55 59 70 70 70 70 87 70 70 70
 24 24 32 32 32 32 32 43 32 39 39 39 43 43 65 65 66 71 71 71 71 71 71 71 71 88 88
 24 24 24 24 30 30 38 38 38 38 43 43 43 43 43 43 61 61 61 61 61 61 62 67 69 69 69 69 69 69 77 77 77 77 80
 24 24 24 24 28 28 28 28 28 28 38 38 38 40 38 40 53 53 53 63 63 63 64 64 68 77 77 77 77 80
 24 24 24 24 29 29 29 29 29 29 36 36 36 36 36 36 40 40 62 62 67 67 78 78 78 78 82
 25
 25 27 25 28 25 25 27 28 41 53 69 69
 25 31 25 32 25 25 31 31 31 31 31 32 35 35 56 56 63
 25 25 25 25 25 25 25 25 25 25 25 25 32 32 32 32 32 35 32 33 33 35 35 35 35 35 59 66
 25 25 36 25 25 32 32 36 41 56 56 61 61
 25 25 25 25 25 25 32 32 32 32 32 32 37 37 37 37 55 55
 25 34 25 25 25 25 25 25 25 25 25 25 25 25 25 25 25 25 25 25 25 25 25 25 25 33 33 33 33 34 34 34 34 34 34 34 34 34 34 34 34 34 34 34 34 34 34 38 34 34 34 34 34 38 38 38 55 55 58 58 59 60 60
 25 25 25 37 37 37 37 58
 25 25 25 25 25 25 25 25 25 25 25 25 36 36 36 36 36 36 37 37 37 37 42 42 42 42 59 62
 25 25 25 25 25 25 25 25 25 42 25 25 25 37 37 37 37 38 38 38 38 42 42 42 60 60 66
 25 25 25 25 25 25 25 25 25 25 25 25 35 35 35 35 35 35 40 40 41 41 41 62 64 64
 25 44 25 41 44 44 44 44 44 44 44 53
 25 25 25 25 35 35 41 43 43 61 61 63
 25 32 32 54 54 54 54
 25 25 25 25 25 25 25 25 25 25 25 25 32 32 32 32 32 32 38 38 38 38 41 41 41 57 57 57 57 65 65
 25 25 25 41 41 41 52
 25 25 25 25 25 25 25 25 25 25 25 25 27 27 27 27 27 27 30 30 41 41 41 67 68
 26 31 26 26 26 26 26 26 26 31 31 39 31 31 31 39 72 72 72 72 78 78
 26 26 31 31 31 72 73 73 73 73 73 73 73 73
 26 33 26 26 26 26 26 26 26 26 26 26 26 26 26 26 26 26 26 26 26 26 26 26 26 33 33 33 70 70 70 70 70 70 70 70 74 74 74 74 74 76 74 74 74 75 75 76 76 76
 26 26 26 26 26 26 26 26 26 26 26 26 26 40 26 26 26 26 26 26 26 26 26 26 26 33 33 43 43 43 71 71 71 71 71 77 71 71 71 76 76 76 79 76 77 79 79 79 79 79 79 79
 26 26 26 26 26 26 26 26 26 26 26 26 26 26 26 26 26 26 26 26 26 26 26 26 33 40 33 40 72 78 72 72 72 75 75 75 75 77 77 77 77 78
 26 26 26 26 26 26 33 70 70 70 71 70 71 71 71 72 73 73 73 73 73 73 73 73
 27 27 27 27 27 27 33 33 33 33 80 81 85 86
 28 28 28 33 33 34 34 34 34 34 34 34 40 34 34 34 34 34 81 84 84 88 88 93 93
 29 29 31 34 90 31 31 31 31 31 31 31 31 31 31 31 34 34 34 34 34 34 34 39 39 82 90
 30 30 33 33 33 33 34 34 34 34 34 34 34 34 34 34 34 34 34 34 34 34 34 34 34 34 34 34 34 34 40 40 80 80 82 90 90 93 93 93 93
 30 33 33 34 34 34 34 34 34 34 34 34 34 34 34 43 43 43 81 83 83 88 88 93 93
 31 35 31 31 31 31 31 31 31 31 31 31 31 31 31 31 31 31 31 33 33 35 35 35 35 35 85 86 87 87 95 95
 31 31 31 34 89
 33 34 33 33 33 34 34 34 34 34 34 34 34 34 34 34 87 87 92 92 92 92
 33 35 33 33 33 33 33 33 33 35 35 35 35 35 35 35 35 35 35 35 80 81 87 87 89 89 89 89 94 94 94 94 95 95
 33 34 34 34 89 91 91 91 91
 45 45 45 46 46 46 46 46 46 54 51 51 54 54 57 91
 45 45 45 50 45 45 51 45 45 45 45 45 55 45 45 45 45 45 45 45 45 45 45 45 45 45 45 47 47 47 47 50 51 50 50 50 50 59 51 51 51 51 51 51 55 60 60 87 87
 45 45 45 45 45 45 45 45 45 45 59 45 45 45 45 45 45 45 45 45 45 45 45 45 45 47 47 47 47 50 50 50 50 50 50 50 50 50 50 50 50 58 58 59 92 92
 45 45 45 45 45 45 45 45 45 45 57 45 45 47 47 55 51 51 51 51 51 51 51 51 56 56 56 57 89 89
 46 49 46 46 50 46 46 46 46 46 46 46 46 46 46 46 46 60 46 46 46 46 46 46 46 46 46 49 49 66 49 50 50 60 76 76
 46 46 46 46 46 46 46 46 61 46 46 46 46 47 49 49 61 61 65 79 79
 46 58 46 46 46 46 46 46 46 58 92
 46 46 46 46 46 63 46 46 46 46 46 46 46 46 46 69 46 46 46 46 46 46 46 46 46 46 58 59 63 63 69 69 81 95
 47 48 48 64 79
 47 47 49 47 47 47 47 47 47 49 49 49 49 49 49 49 62 62 66 66 78 78 78 78
 47 47 51 47 47 49 49 49 49 49 56 49 49 49 51 51 51 51 51 51 51 56 56 56 56 56 59 64 64 65 65 72 72 72 72 72 72 72 72
 47 47 48 48 50 48 48 48 48 60 48 48 50 50 60 62 76 76
 47 47 60 47 47 55 55 56 56 56 56 56 56 60 62 66 68 81 86 86 94 94 94 94
 47 47 48 48 48 48 49 49 51 51 51 51 57 57 60 61 61 61 64 71 71 71 71 71 71 71 71
 47 47 47 47 47 47 47 47 48 48 48 48 48 48 48 62 48 48 48 48 48 48 48 48 48 49 49 49 49 49 49 49 49 50 50 50 50 50 50 50 50 50 50 50 50 59 59 59 59 62 66 66 75 75 75 75 75 75 75 75
 47 47 47 47 62 47 64 47 47 47 48 48 48 48 48 48 48 48 49 49 49 49 63 63 63 64 65 65 77 77 77 77
 47 47 47 47 55 55 55 55 55 55 55 55 58 58 58 58 87 87 87 87 92 92
 47 47 47 47 53 53 53 55 55 56 56 56 56 56 63 56 59 63 63 64 64 84 84 84 84 86 86 95 95
 47 47 47 47 52 52 58 58 59 59 64 64 64 64 82 82 94 94 94 94
 47 47 54 54 54 54 54 54 54 58 54 54 54 54 54 55 55 58 58 89 89 89 89 91 91 91 91
 47 47 47 47 47 47 47 47 58 58 58 58 59 59 60 60 60 60 62 62 65 65 65 65 67 67 80 80 82 82 95 95 95 95
 47 47 49 49 49 49 51 51 51 63 51 57 57 57 57 63 63 76 76
 47 47 47 47 58 58 59 60 60 61 61 61 61 61 61 66 67 81 83 83 83 83 94 94 94 94
 47 47 47 47 47 47 47 47 55 55 55 55 57 57 57 57 57 57 57 57 59 59 62 95 62 66 66 68 68 80 80 85 85 85 85 95 95 95
 48 48 48 48 48 48 48 48 50 50 50 50 50 50 58 58 58 58 74 74 74 74
 48 48 51 48 48 48 48 48 48 49 49 49 49 50 50 50 50 50 50 51 51 51 51 51 51 51 55 55 55 55 55 55 58 58 70 70 70 70 70 70 70 70 70 70 70 70 70 70 70 70
 49 49 49 49 49 49 49 49 50 50 50 50 50 50 51 51 51 51 51 58 51 51 51 55 55 55 55 58 58 58 74 74 74 74 74 74 74 74
 49 54 49 51 51 51 54 51 54 54 54 54 54 54 54 54 54 54 55 73 73 73 73 73 73 73 73 73 73 73 73 73 73 73 73
 50 50 50 51 51 51 51
 50 54 50 50 50 50 50 54 54 54 54 54 54 54 54 54 54 54 54 63 54 54 54 54 54 54 54 54 54 54 54 55 55 57 57 57 57 59 63 63 66 87 87 88 88 88 88 91 91 91 91 91 91 91 91
 50 57 50 50 50 50 50 53 53 53 56 56 56 56 56 56 57 57 57 62 65 65 68 80 84 84 84 84 88 88 88 88
 50 50 50 50 50 50 50 50 50 50 50 50 55 55 55 55 57 57 57 57 57 57 57 57 58 58 58 58 59 59 64 64 64 64 65 65 65 65 89 89 89 89 89 89 89 89 92 92 92 92 93 93 93 93
 50 60 50 65 50 58 58 60 91 65 91 91 91 91 91 91 91 93
 50 50 67 50 60 60 66 80 93
 50 50 50 50 50 50 50 50 50 50 50 50 52 52 52 52 59 59 60 60 60 67 60 62 62 65 65 65 65 67 81 81 82 82 93 93 93 93
 50 50 50 50 50 50 55 55 55 55 60 60 60 60 66 66 90 90 92 92 92 92
 50 50 50 52 52 59 61 61 61 61 61 61 83 83 83 83 93
 50 50 50 55 55 56 56 56 56 56 56 64 64 87 87 93
 50 50 50 50 50 50 57 57 57 57 57 68 57 57 57 66 66 68 81 81 90 90
 51 55 51 51 51 51 51 51 51 55 55 55 59 59 62 62 87 87 87 87 90 90
 51 51 56 51 51 51 51 51 51 55 55 56 56 56 56 56 58 58 59 62 63 63 63 87 87 88 88 88 88 89 89 89 89
 51 51 51 51 51 51 51 51 51 66 51 51 51 51 51 51 51 58 58 58 58 58 58 90 58 58 59 59 60 60 60 60 62 62 66 87 87 87 87 90 90 90 92 92 92 92
 51 51 51 51 69 51 51 51 51 59 60 60 63 63 63 66 68 69 69 69 69 69 80 85 85 88 88 88 88
 51 61 51 51 51 58 61 58 59 61 61 61 61 89 89 89 89 93
 51 62 51 51 64 51 51 51 51 51 51 51 51 51 51 51 51 51 59 59 59 59 62 64 64 64 67 67 68 68 82 82 86 86 86 86 90 90 90 90
 51 51 51 51 53 53 53 59 63 63 63 85 85 93
 70 70 70 70 70 70 70 70 78 87 87 90 90
 70 77 70 90 70 70 70 70 70 70 70 70 70 70 70 70 70 70 74 74 74 74 74 74 74 74 77 77 77 87 90 87 88 88 88 88 89 89 89 89 92 92 92 92 93 93 93 93
 70 70 70 70 70 70 70 70 70 70 70 70 70 70 70 70 75 75 75 75 76 76 76 76 80 80 85 86 85 86 87 87 89 89 89 89 92 92 92 92
 70 70 70 70 70 70 70 70 72 72 72 72 75 75 82 86 86 87 87 87 87
 71 71 71 71 71 71 71 71 71 71 71 71 71 71 71 71 74 74 74 74 74 74 74 74 75 75 75 75 81 81 82 83 83 83 83 87 87 89 89 89 89 92 92 92 92
 72 74 72 72 72 72 72 72 72 74 74 74 82 84 84 84 84 87 87 89 89 89 89
 73 74 73 73 73 73 73 73 73 73 73 78 73 73 73 73 73 73 73 73 73 73 73 73 73 73 73 73 73 73 73 73 73 73 74 74 74 78 87 87 88 88 88 88 89 89 89 89 90 90
 73 75 73 73 73 73 73 73 73 73 73 73 73 73 73 73 73 75 85 85 87 87
 74 74 74 74 74 74 74 74 76 76 76 76 76 76 76 76 80 81 80 81 91 91 91 91 91 91 91 91 91 91 91 91 91 91 91 91 92 92 92 92
 74 74 74 74 74 79 74 74 74 79 79 79 91 91 91 91 91 93 91 91 91 92 92 93 93 93
