 14 15 14 14 16 14 14 14 28 34
 15 21 43
 15 16 15 17 15 15 16 17 17 18 17 18 22 29 41
 16 16 16 18 18 21 19 19 21 21 22 25 25 30 31 37
 17 19 17 20 20 20 20 23 20 20 45
 18 19 18 19 22 22 23 23 26 26 26 26 26 27 30 30 32 32 38 50 50 50
 19 24 23 24 24 24 24 24 27 27 33 33 35 35 44 49 49
 21 22 21 28 28 28 30 28 29 33 33 37 39
 22 23 23 25 25 25 27 25 27 29 29 32 29 31 31 32 36 36 37 38 40 40 42
 26 27 36 36 51
 28 29 31 34 34 34 34 34 39 41 43 47 41 43 43 43 43 47
 30 31 32 31 36 32 33 33 35 35 35 35 36 38 39 46 39 39 40 40 42 46 46 46 51 51
 30 40 49
 37 38 37 44 44 49 49 50 50 50 51
 37 45 38 41 41 41 42 45 45 45
 38 42 42 44 44 49 51 51 52 52 52 52 52 52
 39 40 42 48 46 47 46 48 47 47 47 48 48 48 48
 44 45
