 29 30 29 29 29 31 29 29 29 29 29 29 29 29 29 29 29 29 29 29 29 29 29 29 29 29 29 29 29 29 29 29 29 29 29 29 29 29 29 29 29 29 31
 29 29 29 29 29 29 29 29 29 29 29 29 29 29 29 29 29 29 29 29 29 29 29 29 29 29 29 29 29 29 29 29 32 35 35
 29 33 29 29 29 34 29 29 29 29 29 29 29 29 29 29 29 29 29 29 29 29 29 29 29 29 29 29 29 29 29 29 29 29 29 29 29 29 29 29 29 29 29 29 29 29 29 29 29 29 29 29 29 29 29 29 29 29 29 29 29 29 29 29 29 29 29 29 29 29 29 29 29 29 29 29 29 29 29 29 29 29 33
 30 36 30 37 30 30 30 30 30 30 36 36 37 36 37 37 42
 30 31 30 31 31 62 31 31 31 37 37 62 62 62 62 62 62 62 69
 30 38 30 63
 30 39 30 40 30 30 30 30 30 30 30 30 30 30 30 30 30 30 40 67
 30 41 30 65
 30 42 30 30 30 31 31 31 31 31 31 31 31 31 31 31 31 63 69 63 69
 30 43 30 44 30 30 30 30 49 30 30 30 33 30 30 30 30 30 30 30 31 31 31 31 31 31 31 31 31 31 31 31 31 31 31 31 31 31 31 31 31 31 31 31 33 33 33 33 33 44 49 66 66 67 67
 30 30 46 30 30 30 34 30 30 30 34 34 34 34 34 43 46
 30 45 30 30 30 45
 30 30 30 30 48 30 30 30 30 31 31 31 31 31 31 31 31 31 31 31 31 33 33 33 44 46 48 48 66 68 68 68 68
 30 50 30 30 56 30 30 30 30 30 30 30 30 30 30 30 30 30 33 71 33 33 33 33 33 33 33 33 33 33 33 50 56 71 74
 30 30 51 30 30 30 30 30 30 33 33 33 33 33 33 50 51 51 72 72 75
 30 52 30 30 30 30 30 30 30 34 34 34 34 34 34 34 34 34 34 34 34 52 74
 30 53 30 30 30 30 30 30 30 34 34 34 34 34 34 34 34 34 34 34 34 53 73
 30 58 30 30 60 30 30 30 30 30 32 32 32 32 32 32 58 60 77
 30 30 61 30 30 35 35 35 35 35 35 58 61 61 78
 31 31 31 31 31 31 35 31 31 31 31 31 31 31 31 31 31 32 32 32 32 33 33 33 33 35 35 35 35 35 35 35 70 70 79 79 83 83 86
 31 34 31 31 31 31 31 31 31 33 80 33 34 34 34 34 34 34 34 71 72 72 80 80 80 88
 31 31 31 31 31 31 31 31 31 31 31 31 31 31 31 31 33 34 33 33 33 34 34 34 34 34 34 34 34 34 34 34 34 34 34 34 74 75 75 82 82 88 88
 31 31 31 31 31 31 31 31 31 31 31 31 31 31 31 31 32 32 32 32 33 33 33 33 35 35 35 35 35 35 35 35 77 78 78 81 81 87 87
 32 34 34 86
 34 34 34 34 34 34 34 34 84 89
 34 35 83
 36 38 36 39 36 36 36 36 36 36 36 36 36 36 38 39 38 38 38 38 38 38 39 39 93 93 108 108
 36 40 36 36 45 36 36 36 36 36 36 40 45 114 150
 36 41 36 36 36 36 42 36 43 36 36 36 36 36 36 36 36 36 36 36 36 36 36 36 36 36 36 39 39 39 39 41 41 41 41 41 41 41 42 43 108 108 115 115
 36 36 44 36 36 36 36 36 36 36 36 36 36 36 36 50 36 36 36 36 40 40 44 44 44 45 45 106 106 114
 36 36 36 36 42 42 93 93
 36 47 36 36 36 59 36 36 36 36 36 47 160 160 161
 36
 36 36 36 36 36 36 37 37 37 37 41 41 42 46 46
 36 48 36 36 48 48 48 51 147 158 158
 36 49 36 36 36 36 36 36 36 36 36 36 36 36 36 36 36 36 36 49 49 49 50 54 54 56 151 159
 36 52 36 36 53 36 36 36 36 36 36 52 152 152 153
 36 54 36 55 36 36 36 36 36 36 57 36 36 36 36 36 36 36 36 36 36 54 57 148 155 159
 36 36 36 56 36 36 36 53 155
 36 36 36 36 36 36 36 36 36 36 36 36 36 36 36 36 36 36 50 52 52 53 55 148 151
 36 36 58 36 36 36 36 53 58 153
 36 60 36 36 36 36 36 59 60 161
 36 36 36 50 150
 36 36 51 61 61 147
 37 38 37 38 40 38 38 119
 37 39 37 40 63 37 37 44 37 67 37 37 37 37 37 37 37 37 37 37 37 39 40 39 39 40 40 44 44 44 45 45 45 45 63 63 63 63 63 63 63 67 112 203
 37 41 37 42 66 37 37 40 41 41 41 181
 37 65 37 43 37 37 37 37 37 37 37 71 37 37 37 37 37 37 37 40 40 43 54 54 65 65 65 65 65 65 65 66 66 67 67 71 179 188
 37 37 37 46 37 37 37 37 37 39 39 39 39 42 43 42 42 42 43 46 46 46 115 206 206 206 206 206
 37 45 37 37 37 37 50 37 37 37 45 45 45 50 67 67 67 67 204
 37 37 37 51 37 45 51 45 51 66 66 199
 37 68 37 69 37 37 48 37 37 72 37 37 40 46 46 48 48 48 48 48 66 68 68 68 69 69 69 72 181 205 205
 37 37 42 69 69 69 69 111 111
 37 68
 37 52 73 37 74 37 37 37 37 37 37 37 37 37 37 37 37 37 37 52 52 52 55 55 73 74 219
 37 53 37 37 37 37 37 37 37 50 50 53 74 74 217
 37 37 56 77 37 37 37 37 58 37 37 37 37 37 37 37 37 37 37 53 53 56 58 58 58 59 59 73 73 77 222
 37 78 37 37 37 61 37 37 37 37 50 51 51 51 53 61 61 61 61 61 75 75 78 218
 38 91 38 91 91 91 92 91 91 91 91 91 91
 38 92 38 38 38 38 38 38 38 39 39 104 39 39 92 92 104 92 92 92 104 104 110 110
 38 93 38 41 41 41 41 109
 38 38 38 38 38 38 38 38 40 40 42 42 93 93 106 93 93 106 112
 38 38 45 38 38 38 98 38 38 38 38 38 38 52 38 38 38 38 38 43 43 45 45 45 52 92 92 92 92 92 92 98 107 107 120 120
 38 38 46 38 96 38 38 38 38 38 45 52 45 46 92 92 92 96 96 96 96 96 96 96 96 112 121
 38 38 44 44 93 114
 38 38 38 97 38 43 46 46 93 93 97 97 97 97 97 115 115
 38 94 38 57 38 101 38 47 94 94 116 94 94 94 133
 38 48 38 49 48 48 97 97 97 122
 38 38 43 99
 38 44
 38 50 38 38 38 38 38 38 38 50 55 96 117 96 96 96 96 96 96 96 96 98 124 135 140
 38 38 38 38 38 38 38 38 38 38 38 38 38 38 38 38 50 50 50 50 55 55 98 98 98 98 123 130
 38 99 38 38 38 54 54 99 99 99 127
 38 38 49 49 99 125 99
 38 38 54 97 97 97 118 132
 38 100 38 38 38 57 57 100 100 137
 38 38 38 38 38 38 38 38 47 47 57 57 95 95 95 139
 38 38 103 57 102 103 103 103 103 103 141
 39 106 39 107 39 39 41 41 41 41 41 41 41 41 106 180
 39 44 39 44 44 44 55 105 105 105 105 121 182 189
 39 39 45 39 39 39 39 39 114 39 40 40 40 40 42 42 42 42 42 42 42 42 45 45 45 45 45 45 45 104 112 104 104 104 104 104 104 104 106 106 106 120 106 112 114 114 114 120 204 204
 39 39 109 39 39 39 39 39 39 40 40 40 53 40 43 43 43 43 53 53 53 107 107 109 109 109 120 120 130 180 180 192
 39 110 39 110
 39 111 39 46 112 39 140 39 40 40 46 46 46 52 52 111 111 111 111 111 111 111 121 140 179 203
 39 39 39 39 44 44 44 44 44 50 44 44 44 50 50 50 112 112 120 120 202 202 204
 39 39 42 42 42 42 43 43 108 108 108 113 108 113 113 113 115 206 206 206 206 206
 39 116 39 47 47 55 116 142 211 214
 39 117 39 119 39 39 53 40 40 46 46 46 46 53 109 109 117 119 119 119 121 179 189 189
 39 48 118 39 49 122 39 39 48 48 48 48 48 48 48 48 51 48 48 48 49 49 49 51 51 51 51 51 56 56 118 118 118 122 131 140 140 207 215 215
 39 120 39
 39 39 39 123 39 39 39 39 52 39 40 40 40 40 43 43 43 43 52 52 52 110 110 110 110 120 120 121 121 180 180 202 202 202 202
 39 39 50 44 44 44 44 50 112 119 119 119 119 203
 39 39 39 39 44 44 44 44 44 55 44 44 44 55 107 107 121 121 192
 39 125 39 39 39 50 50 50 50 54 54 54 54 123 125 125 125 209
 39 126 39 39 127 39 39 39 139 39 39 54 54 54 59 54 55 55 57 57 57 57 59 59 59 126 127 134 134 212 216 216
 39 39 39 39 49 49 49 49 49 49 49 49 56 56 56 56 123 127 127 209
 39 39 39 39 50 50 54 54 55 57 57 128 129 129 135 135 141 141 207 210 210
 39 39 50 50 54 54 122 122 124 124 210 215
 39 132 39 57 133 39 39 54 54 55 57 59 59 131 132 132 132 133 143 208 211 211
 39 136 39 137 39 39 39 39 39 39 50 50 50 57 50 54 54 54 55 54 55 57 57 57 130 136 136 136 137 138 138 209 213 213
 39 144 39 39 39 47 47 47 47 55 55 139 144 212
 40 40 41 41 41 41 41 41 41 41 42 42 108 108 121 179
 40 40 42 42 42 42 44 44 44 44 63 63 63 63 63 63 63 63 67 67 106 106 108 108 108 108 119 114 114 119 119 119 203
 40 40 40 50 40 43 43 43 43 50 50 50 67 67 67 67 74 74 112 112 123 179 179 194 194 202 202 202 202 204 204
 40 46 40 40 40 46 46 46 46 46 46 46 55 55 67 67 67 73 67 73 107 107 117 117 117 117 179 179 187 187 192 217 217
 40 40 46 46 46 51 46 51 51 51 51 51 66 71 66 71 112 118 118 118 118 181 181 188 193 218
 40 42 44 42 44 62 62 62 62 62 62 62 68 62 62 62 62 62 62 62 62 62 68 68 68 205
 40 40 43 50 43 50 68 68 68 68 68 68 72 68 68 72 72 72 112 122 122 181 181 197 197 203 203
 40 42 54 42 64 64 64 64 64 64 64 68 64 64 64 64 64 64 64 64 64 68 68 68 105 105 113 113 129 178 178 178 178 191
 40 40 49 42 42 42 42 49 49 49 66 66 69 69 69 69 69 69 69 69 112 115 115 125 125 181 181 203
 40 40 42 42 42 42 54 54 65 65 65 65 65 65 65 65 67 67 115 115 121 136 136 181 181 188
 40 42 42 49 49 66 69 69 69 69 113 113 119 119 122 178 178 178 178 205 205
 40 40 43 43 56 56 66 66 71 71 119 119 119 119 127 179 186 186 186 186 186 186 186 186 188 215 215
 40 40 40 40 43 43 43 43 55 55 67 67 67 67 73 73 121 121 130 180 180 187 187 189 189 189 189 213 213
 40 40 40 40 46 46 46 46 46 46 46 46 50 50 50 50 67 67 67 67 74 74 120 120 140 140 140 140 180 180 194 194 203 203 204 204
 40 40 40 40 43 56 43 43 43 56 56 56 66 66 66 66 75 75 75 75 120 120 131 131 180 180 192 193 193 209
 40 40 43 55 43 68 68 68 68 68 68 76 68 68 76 76 76 121 129 129 179 191 191 193 207
 41 42 145 113 145 145 145 145 145 145 145 145 145 145 145 145 145 145 145 145 145
 41 44 41 41 54 41 44 113 183 186 186 191
 41 41 45 41 41 41 148 41 41 41 41 41 41 41 41 41 41 41 43 43 45 45 45 53 53 114 114 148 187 187 192
 41 41 46 41 147 41 41 41 41 41 45 45 46 53 114 147 147 188 193
 41 41 41 41 41 41 41 41 44 44 44 54 44 54 115 189 193 199
 41 50 149 41 55 41 41 41 41 59 41 41 149 149 154 190 200
 41 150 41 41 41 50 50 150 194
 41 51 41 41 156 41 51 51 56 150 156 156 195
 41 56 152 41 41 160 41 56 152 160 196
 41 41 158 50 152 158 158 197
 41 153 41 41 41 41 41 41 41 41 159 41 41 41 41 41 41 41 50 50 55 55 59 59 153 159 198 201
 42 42 63 63 63 63 92 92 92 93 93 111 111 111 111
 42 42 42 42 42 42 42 42 43 43 43 43 67 67 67 67 74 74 106 107 106 106 106 107 110 110 110 110 151 151 179 179 204 204
 42 45 42 42 42 45 45 45 50 50 67 67 67 67 114 120 114 120 150 150 150 150 203 203
 42 42 45 56 45 66 66 114 121 149 149 149 191 191
 42 46 42 42 42 46 46 46 66 66 75 75 106 106 109 109 112 147 147 147 147 147 147 181 181 199 199
 42 42 67 108 112
 42 50 42 53 72 72 72 72 140 140 147 147 147 150 150 218
 42 42 42 42 50 50 58 58 58 58 79 79 79 79 130 148 148 154 154 219
 42 51 42 51 51 61 61 61 61 61 61 70 70 131 148 156 156 156 156 156 156 223 223
 42 52 42 42 42 42 42 42 42 52 52 52 55 55 73 73 74 74 123 134 134 151 151 153 153 153 153 217 217 219
 42 55 42 42 42 52 52 72 72 72 72 76 76 76 76 124 124 131 149 149 149 149 149 149 151 218 221 221
 42 42 42 42 50 50 53 53 74 74 123 148 148 152 152 152 152 152 152 152 152 219
 42 42 53 56 75 75 128 152 152 152 152 157 157 157 221 221
 42 56 42 42 42 45 45 45 45 56 66 66 66 66 107 107 114 114 159 159 188 188
 42 42 45 45 50 68 68 68 68 68 68 68 68 112 114 158 158 158 158 158 158 158 158 158 158 158 158 205 205 205 205
 42 42 42 42 53 53 59 59 73 73 144 144 153 153 155 155 222
 42 42 56 60 60 70 70 143 146 146 146 154 220
 42 42 42 42 53 53 56 56 71 71 71 71 138 138 150 150 150 150 155 155 217 217
 42 59 42 53 76 76 76 76 142 154 157 157 157 220
 42 42 42 42 56 56 60 60 60 60 77 77 126 126 153 153 161 161 222
 42 42 50 58 58 78 78 117 117 147 147 147 153 218
 43 44 44 45 45 62 62 62 62 62 62 62 62 62 62 62 62 62 62 62 62 62 62 62 72 62 62 62 62 62 62 62 62 62 62 62 62 62 63 63 63 63 66 66 67 67 72 125
 43 43 63 63 63 63 82 82 82 104 104 109 109 110 110 164
 43 45 43 44 44 44 44 45 45 45 63 63 63 74 63 63 63 63 63 104 124 104 104 104 120 120 121 121 124
 43 46 46 69 69 69 69 88 88 88 125 140 179 181 181
 43 45 167 45 49 49 69 69 69 69 71 124 167 167 167 191 191 203
 43 43 45 166 45 45 45 57 57 65 65 65 65 65 65 65 65 73 138 166 192 193 193
 43 43 45 164 45 45 45 49 49 49 49 69 69 69 69 69 75 69 69 69 75 125 125 164 199 199 199 199 204 204
 43 44 80 44 52 72 72 80 80 80 80 80 80 80 80 80 80 80 111 111 111 111 136 188 203
 43 43 74 110 175 180 180
 43 43 44 81 44 44 44 58 58 58 58 79 79 81 81 81 81 81 109 109 134 187 187 192
 43 54 43 53 176 53 54 72 72 72 72 90 90 90 90 90 90 90 90 122 122 190 195 207 208
 43 43 43 43 53 53 53 53 54 54 54 54 74 74 89 89 89 89 123 176 176 196 196 198 209 212
 43 49 49 52 75 88 88 88 135 177 177 177 177 197 197 207
 43 43 47 47 52 52 73 84 84 84 84 84 84 144 171 198 212
 43 49 49 60 60 70 87 87 87 132 132 168 190 208
 43 43 49 49 49 49 52 175 52 71 71 88 88 88 88 88 88 136 136 175 194 194 209
 43 43 44 44 44 44 52 52 74 82 82 82 82 82 82 110 110 135 135 192 202 202 202 202
 43 57 45 45 64 64 64 64 64 64 64 64 64 64 64 76 64 64 64 64 64 76 141 165 182 182 183 183 183 183
 43 43 52 52 57 57 73 89 89 126 171 201 209
 43 47 52 76 76 85 85 85 85 85 85 85 85 85 85 85 85 116 172 200 214 214
 43 43 49 49 49 60 49 60 60 60 77 86 86 86 134 168 168 201 216 216
 43 46 46 71 75 117 136 193 203
 43 48 48 48 48 48 61 48 61 61 61 61 61 70 87 87 87 118 118 173 195 207
 43 44 44 58 58 78 83 83 83 109 132 132 189 189 193
 43 52 57 76 76 90 90 90 90 133 169 200 210 210
 44 44 46 44 44 45 46 45 45 45 46 46 63 63 63 63 63 63 63 63 74 104 104 104 104 107 107 112 112 140 140
 44 82 44 44 44 46 46 46 52 46 52 74 82 82 82 82 82 110 117 110 117 192 204 204
 44 83 44 46 46 61 61 61 61 61 61 78 83 83 109 118 118 193 199 199
 45 162 45 45 45 46 46 46 46 57 57 65 65 65 65 65 65 65 65 73 138 162 162 162 162 162 187 187 188 188
 45 48 163 45 46 48 46 48 48 48 48 69 69 69 69 71 140 163 163 163 163 163 163 163 163 163 163 163 188 205 205 205 205
 46 62 65 62 62 62 69 62 62 62 62 63 65 69 80 80 80 163 163 163
 46 72 111 174 174 174 181
 46 54 46 46 46 46 46 46 46 53 173 53 53 53 54 54 54 74 74 89 89 89 89 123 173 173 173 198 201 219 222
 46 46 46 46 52 52 57 57 73 89 89 144 170 170 170 198 219
 46 46 46 46 49 49 49 49 58 58 58 58 77 86 86 86 134 173 173 201 217 217
 46 46 46 46 47 170 47 52 52 73 84 84 84 84 84 84 126 170 170 196 196 222
 46 46 48 88 48 48 52 48 48 48 75 88 88 117 174 174 174 174 174 174 174 174 174 174 174 174 197 197 218
 62 75 62 62 62 62 62 62 78 62 62 62 62 62 62 62 62 62 62 62 62 62 62 62 62 62 62 62 62 62 62 62 62 62 73 74 75 78 81 81 81 82 82 82 230
 63 64 63 64 64 69 64 65 69 113 167 167
 63 68 63 63 63 63 63 63 63 66 67 66 68 68 68 114 114 115 122 122
 63 71 63 63 63 71 77 81 81 81 117 117 126 162 162 162 227
 63 63 76 63 63 63 63 63 63 71 73 71 75 75 76 76 76 82 82 82 82 82 82 123 128 128 166 166 225
 63 78 63 63 63 63 63 63 63 72 83 72 72 78 72 74 79 79 83 83 83 83 83 130 131 131 164 164 225
 63 63 63 63 63 63 63 63 70 70 71 77 71 75 75 83 83 83 83 83 83 130 143 143 166 166 226
 63 63 63 63 71 80 71 73 80 80 80 80 80 80 80 80 80 80 80 138 140 140 162 162 162 224 224
 64 74 64 64 75 64 64 64 64 64 64 64 64 64 64 64 64 64 75 89 184 184 184 184 184 184 185 185 228
 65 72 65 65 65 65 65 65 65 71 71 72 72 72 74 75 75 89 89 194 194 195 195 227 227 229 229
 65 65 65 65 71 71 90 74 90 90 90 196 197 197 229 229
 66 66 66 66 67 67 67 71 67 67 67 67 67 71 71 71 72 72 72 72 72 72 72 72 74 74 188 188 194 194 203 203 204 204 209 215 215 215 215
 66 66 66 66 67 77 67 77 79 79 187 187 189 189 190 190 216
 66 66 66 66 77 66 66 66 66 67 67 67 67 70 70 70 70 77 78 78 78 78 187 187 192 193 193 195 195 201 208 208
 66 66 66 66 67 67 67 67 68 68 68 68 68 68 68 68 75 68 68 68 68 68 68 68 68 74 74 74 74 75 75 75 192 197 197 197 197 202 202 202 202 204 204 207 207 218 218
 67 68 67 67 67 68 68 68 78 68 68 68 68 78 78 78 79 79 192 199 199 207 207 217
 67 67 67 68 69 68 68 68 69 69 69 69 69 69 69 203 205 205 205 205 206 206 206 206 206
 69 71 69 78 69 69 69 69 69 69 71 74 77 78 87 87 87 87 87 87 218 218 222 227 227 230 230
 69 72 69 69 69 69 69 69 69 72 72 72 73 73 74 88 88 88 88 88 88 217 217 218 218 224 224 224 224 230 230
 69 76 69 69 69 69 69 69 69 73 74 74 76 76 76 88 88 88 88 88 88 219 221 221 221 221 225 230 230
 69 69 79 69 69 69 69 69 69 74 75 75 77 79 86 86 86 219 220 220 226 230 230
 69 69 69 69 69 69 69 69 70 70 74 75 75 78 78 86 86 86 219 223 223 223 223 225 231 231 231 231
 80 81 80 80 80 82 83 82 83 164 166
 80 80 80 80 82 84 84 88 88 227 229
 81 82 86 88 88 230 231 231
 82 82 84 85 85 85 85 88 88 228
 82 82 83 83 86 87 87 88 88 88 88 225 226
 91 91 91 91 91 91 91 91 91 91 91 91 91 91 91 91 91 91 91 91 92 92 93 93
 91 91 91 100 91 91 91 103 91 91 91 91 94 94 103 95 100 103 103
 91 96 91 97 91 91 98 91 91 91 91 91 91 91 91 91 91 91 91 91 91 91 91 96 96 97
 91 91 91 91 91 91 91 91 91 91 91 91 91 91 91 91 91 91 91 91 91 91 91 91 91 91 91 91 91 91 98 98 99 99
 91 91 91 101 91 91 102 91 91 91 91 91 91 91 91 91 91 91 91 91 91 91 95 100 100 101 102 102 102
 92 92 92 92 92 92 93 93 93 93 104 108 104 104 104 108 108 108 110 110
 92 92 92 92 92 92 93 93 93 93 93 93 93 93 98 98 105 105 105 105 119 112 113 113 114 113 113 114 119 119 119 121 151
 92 92 92 92 92 92 92 98 92 92 92 92 92 93 93 93 93 93 93 93 93 93 93 93 93 93 93 93 93 98 98 98 107 107 120 112 112 114 115 114 114 114 115 115 115 120 121 121 151 151
 92 97 92 92 92 92 92 97 97 97 97 97 97 97 97 97 97 98 97 97 97 97 97 97 97 97 97 97 97 97 97 98 117 117 140 123 130 140 164 164 175 175
 92 92 92 92 92 92 98 98 99 99 99 99 99 99 99 99 99 99 99 99 99 99 99 99 123 124 124 135 130 135 164 164 175 175
 92 92 92 98 99 99 99 99 99 99 99 99 122 122 129 125 136 129 167 167 167 167 177 177 177 177
 92 92 92 92 92 92 98 100 98 101 100 100 100 100 100 101 101 101 126 128 128 143 138 143 166 166 171
 92 96 96 97 96 97 97 97 125 136 163 163 163 163 174 174 174 174
 92 100 92 92 92 101 92 92 98 98 100 100 100 100 100 101 101 101 133 133 137 137 139 141 141 165 165 169 169
 92 92 95 96 96 96 96 96 103 96 103 103 103 103 103 103 103 103 103 103 103 103 103 103 103 126 138 162 162 170
 92 92 92 92 92 92 95 172 95 95 98 98 102 102 102 102 102 102 102 102 116 116 137 137 139 141 141 165 165 172
 92 92 92 92 92 92 95 95 95 171 98 98 102 102 102 102 102 102 102 102 128 128 138 142 142 144 166 166
 92 92 94 94 94 94 94 94 94 94 96 162 96 96 96 96 96 100 100 138 144 162 170
 93 93 104
 93 93 108 108 145 145 145 145 145 145 145 145 145 145 145 145 145 145 145 145 145 145 145 145 145 145 145 145
 93 93 93 93 93 93 93 93 106 108 106 106 106 108 120
 93 93 93 99 93 99 99 99 113 113 115 113 113 115
 93 93 114 114
 93 97 93 97 97 97 97 97 131 147 147 147 148
 93 93 96 96 96 96 96 96 96 96 96 117 140 150 150 153
 93 93 93 93 93 93 93 93 98 98 98 98 123 130 150 150 150 150 152 152 152 152 152 152 152 152 153 153 154 154
 93 93 93 93 98 98 122 122 129 129 149 149 149 158 150 150 158 158 158 158 158 158 158 158 158 158 158 159
 93 93 93 93 99 99 99 99 99 99 99 99 123 151 151
 93 93 93 93 98 98 125 125 136 136 150 150 150 159 150 159
 93 93 99 99 99 99 134 148 148
 93 93 97 97 97 97 97 97 124 140 151
 93 93 93 93 95 95 95 126 144 155 155 161 161
 93 93 100 100 100 138 155 155
 93 93 102 102 102 102 128 155 157 157 157
 93 93 93 93 101 101 101 101 142 143 146 146 146 155 157 157 157 161
 95 97 97 97 97 170 171
 97 99 97 97 97 97 97 99 99 99 168 173 176
 97 100 97 162 166
 99 102 165
 99 99 101 169 172
 104 105 104 104 104 104 113 104 114 104 104 105 105 105 107 112 112 113 113 113 114 114 123 114
 104 111 104 104 115 104 109 110 109 111 111 111 115 164 164
 104 104 120 104 104 106 106 106 106 108 108 108 108 108 114 108 108 108 114 114 114 120 202 202
 104 119 104 104 104 123 104 104 104 104 114 114 114 114 115 115 119 119 121 119 120 121
 104 104 117 117 118 118 163 118 118 125 138 125 163 163 163 163 163 163 163 163 163 163 163 166 230
 104 128 104 129 104 104 104 104 104 104 122 165 122 122 128 122 123 127 130 127 129 129 129 131 131 137 137 164 164 164 164 165 165 165 233 233 233 233
 104 132 104 136 104 137 104 123 137 132 132 135 132 134 135 136 164 164 166 166 225
 104 104 117 162 117 133 133 136 144 136 162 162 166 229
 104 104 141 134 136 136 140 140 141 162 162 162 167 167 167 167 230
 104 104 104 104 124 124 141 125 125 127 127 130 138 141 165 165 167 167 167 167 167 167 167 167 225
 104 104 104 104 129 129 129 142 129 130 139 142 165 165 165 165 232
 104 104 144 104 104 116 116 130 135 135 136 136 139 165 165 166 166 228
 105 108 105 111 105 105 106 111 106 113 108 111 108 112 108 124 111 111 111 111 111 113 113 113 124 151 179 203
 105 112 105 105 105 124 105 105 105 105 112 120 120 123 124 124 124 130 182 182 182 184 182 184 184 184 184 184 184 184 184 184 184 184 202 202 202 202 203 203 213 213 219
 105 105 115 105 105 129 106 127 106 112 115 129 159 159 178 178 178 178 178 178 178 178 183 183 183 183 191 191 210 210
 105 105 105 105 128 105 105 105 142 105 107 107 120 120 128 139 142 183 183 183 183 183 183 183 183 185 185 185 185 192 193 193 198 212
 106 114 145 145 145 145 145 145 145 145 145 145 145 145 145 145 145 145 145 145 145 145 145 145 145 145 145 152 145 145
 106 106 106 134 106 107 107 113 113 113 120 113 113 113 113 113 120 130 134 154 154 154 154 179 179 182 182 182 182 187 187 219
 106 109 106 108 108 108 108 135 109 112 113 113 113 113 121 135 148 148 179 182 182
 106 110 106 106 106 107 107 108 108 108 108 108 108 108 108 110 110 110 115 115 115 115 120 120 123 151 151 180 180 204 204
 106 106 115 106 106 107 107 108 108 109 108 108 108 108 108 130 108 109 109 109 112 112 115 115 115 148 148 148 148 180 180 192
 106 112 106 106 106 112 124 115 115 115 115 120 120 123 124 124 124 150 150 150 150 150 150 150 150 179 179 194 194 203 203 204 204
 106 106 136 112 113 113 121 113 113 127 136 149 149 149 149 149 149 181 181 183 183 183 183 188 221 221
 106 106 112 115 119 115 119 119 119 122 122 125 125 150 150 150 150 181 181 197 197 203 205 205 205 205
 106 106 115 115 119 119 119 119 132 121 132 132 132 136 136 153 153 179 188 193 218
 106 106 113 113 113 113 120 120 123 152 152 152 152 152 152 152 152 180 184 184 184 184 184 184 204 204
 106 106 106 106 115 115 115 115 120 120 134 121 121 135 134 135 135 135 153 153 153 153 180 180 187 187 192 219
 106 125 112 113 113 125 158 158 158 158 158 158 158 158 158 158 158 158 178 178 178 178 197 205 205 205 205
 106 130 106 131 106 106 107 107 112 112 131 115 115 115 115 159 159 159 159 181 181 181 181 193 193 199 199 199 199 209
 107 107 108 108 108 108 114 114 114 114 121 121 153 153 154 154 192
 107 107 112 119 112 119 119 119 124 119 119 119 119 123 124 124 124 130 189 189 189 194 189 194 203 203 204 204 217 217 219
 107 107 112 112 121 121 126 126 138 138 139 186 186 186 188 186 186 186 186 186 186 186 186 186 186 190 186 186 186 187 188 187 190 196 196 222
 107 107 112 112 121 121 143 133 133 133 133 138 138 143 188 193 188 193 193 195 193 195 198 222
 107 125 107 112 112 120 120 122 122 122 122 125 125 125 130 194 194 199 199 199 199 203 203 205 205 205 207 205 205 205 205 205 207 218 218
 107 126 107 112 112 121 121 141 126 141 141 141 142 142 187 187 198 191 191 191 193 191 193 201 220 220
 107 107 112 112 120 125 120 123 125 125 125 129 129 129 129 191 191 191 197 191 197 197 197 204 204 205 205 205 205 205 205 205 205 209 221 221 221 221
 107 107 119 119 119 143 119 137 143 193 193 199 199 201 223 223
 107 137 107 139 120 182 183 182 183 183 183 183 183 183 183 200 200 214 214
 108 110 108 110
 108 108 112 112 114 114 150 150 150 150 204
 108 118 108 143 118 118 118 147 147 147 156 155 156 156 156 156 156 159 208
 108 122 108 122 140 140 147 147 147 158 148 150 150 158 158 158 158 158 158 158 158 158 158 158 207
 108 108 115 206
 108 108 112 114 114 119 119 119 119 150 150 152 152 152 152 203
 108 125 108 108 127 108 125 125 125 127 151 151 159 159 159 159 209
 108 108 128 117 117 147 147 147 149 149 149 150 150 155 215 215
 108 108 114 114 120 120 152 152 152 152 152 152 152 152 202 202
 108 129 108 141 129 141 148 157 157 157 158 158 158 158 158 158 158 158 158 158 158 158 159 207
 108 108 123 148 148 150 150 150 150 213
 108 108 108 108 127 127 139 148 148 160 155 155 159 159 160 160 160 160 160 160 160 212
 108 108 132 108 108 122 122 124 124 131 132 132 132 151 151 154 154 159 159 207 210 210
 108 108 108 108 130 137 137 148 148 159 150 150 150 150 155 155 159 209
 108 114 121 153 189
 108 108 133 133 142 146 146 146 149 149 149 159 161 208
 108 108 116 116 131 148 149 149 149 157 157 157 160 160 160 160 214 214
 108 108 139 159 159 161 161 216
 109 114 109 114 127 115 115 128 155 155 165 165 186 186 186 186 186 186 186 191 186 189 189 191 193
 109 115 109 109 109 114 114 114 131 114 115 115 115 131 137 137 155 155 155 155 166 166 166 166 187 187 192 188 188 193 193
 109 117 109 117 124 124 136 136 140 140 173 173 194 194 198 226 227 227
 109 109 109 109 122 122 122 122 123 130 130 176 176 190 190 194 194 197 197 197 197 201 226 226 232 232
 109 127 109 113 113 113 128 113 114 114 157 157 157 157 157 157 165 165 183 183 183 183 191 191 193 199 199
 109 130 109 109 109 123 123 129 129 129 129 176 176 194 194 198 197 197 197 200 197 200 228 228 232 232
 109 140 109 117 173 117 125 125 135 135 140 173 194 194 201 226 231 231 231 231
 110 110 111 112 111 111 111 120 111 111 111 111 112 120 203 203 204 204 206 206 206 206 206 206 206 206 206 206
 110 113 110 110 130 110 113 113 113 113 113 113 113 114 114 114 114 123 151 151 164 164 164 164 182 182 204 182 182 192 203 203 204
 110 114 110 110 110 114 114 130 114 115 115 115 115 123 151 151 164 164 164 164 189 189 189 189 192 202 202 202 202 203 203
 110 115 110 115 115 115 123 175 175 179 179 180 180
 110 118 118 118 140 118 140 174 174 174 174 174 174 174 174 174 174 174 174 209 225
 110 110 110 110 112 112 119 119 119 119 120 202 202 202 202 204 204 206 206 206 206 206 206 206 206 206 206
 110 122 110 110 110 122 122 143 122 130 137 137 143 169 169 169 169 207 207 208 208 209 216 216 225 225 232 232
 110 125 110 125 126 135 135 141 141 172 172 209 216 216 228 230 230
 110 110 116 116 140 117 117 140 141 141 170 170 170 212 213 213 225 228
 110 125 134 125 177 177 177 177 207 207 230 230
 110 110 125 126 125 136 138 136 171 208 208 215 215 215 215 229 229 230 230
 110 127 110 123 127 177 177 177 177 177 177 177 177 209 210 210 210 210 233 233 233 233
 110 110 110 110 123 130 137 137 139 171 171 210 210 210 211 210 211 211 211 212 213 213 232 232 233 233 233 233
 110 129 110 110 110 123 128 128 129 129 129 139 172 172 172 172 207 207 214 209 212 214 214 214 228 228 233 233 233 233
 110 110 110 110 122 122 122 122 123 127 127 131 131 175 175 175 175 207 207 209 213 213 215 215 215 215 225 225 233 233 233 233
 110 133 110 136 124 124 133 136 138 169 169 209 212 225 229 229
 110 110 124 124 132 125 125 132 132 132 134 175 175 209 213 213 225 230 230
 111 113 111 113 122 177 177 178 181 178 178 178
 111 114 111 115 111 111 111 111 129 111 111 114 115 122 122 129 151 167 167 167 167 167 167 167 167 188 191 191 203 205 205 205 205
 111 117 111 111 138 111 140 111 111 111 144 111 117 140 170 170 170 217 217 222 224 224 224 224 227 227
 111 123 111 111 131 111 111 111 111 111 131 175 175 218 218 219 225 225
 111 111 111 128 111 130 111 111 111 111 111 111 142 111 111 111 111 111 111 123 128 142 171 171 217 222 217 220 220 221 221 221 221 225 225 226 226
 112 112 112 112 117 117 117 117 121 121 140 140 140 140 140 140 140 140 192 194 194 203 203 203 203 217 217 219
 112 112 112 112 141 120 120 128 128 138 138 141 141 141 188 191 188 192 191 191 191 209 218 218 219
 112 112 137 120 138 138 188 188 189 189 215 215 219
 113 124 113 140 113 113 124 140 147 147 147 147 147 147 148 148 173 173 176 185 185 190 218 220
 113 129 183 205
 113 130 113 113 113 151 151 175 175 175 175 184 184 184 184 184 184 194 219
 113 131 113 143 113 113 146 168 146 146 146 146 146 151 168 169 169 185 185 195 220 223 223
 113 113 142 113 113 131 151 157 157 157 157 157 157 172 172 176 185 185 200 218 221 221
 115 125 115 125 125 125 148 148 148 148 176 176 201 216 217
 115 127 115 115 115 127 139 151 151 155 155 155 155 171 171 176 176 196 196 198 209 219
 115 129 129 177 151 177 177 177 177 177 177 177 197 197 210 221
 115 130 115 187 204
 115 115 115 115 127 127 139 151 151 161 161 161 161 168 168 168 168 171 171 198 201 212 222
 115 124 124 148 148 176 200 211 221
 115 140 140 147 147 147 147 147 147 173 173 195 215 223
 115 143 115 131 151 155 155 169 169 176 190 195 215 215 218
 115 115 131 142 151 161 161 168 168 172 172 190 200 211 211 220
 115 115 130 151 151 175 175 175 175 194 194 213 217
 116 116 116 116 120 120 144 121 121 121 128 121 128 144 187 187 196 192 193 193 200 196 200 212
 119 119 119 119 119 119 135 119 119 120 120 121 121 123 123 135 135 135 192 194 194 202 202 202 202 204 204 213 213 219
 119 119 119 128 119 120 120 128 137 192 199 199 209 221 221
 120 121 121 137 144 144 187 187 189 189 198 211 211
 120 120 120 120 136 121 122 121 122 122 122 123 136 136 136 188 188 197 197 197 197 203 203 204 204 209 210 210 210 210
 120 137 182 182 210 210
 145 146 145 145 156 145 145 145
 145 147 145 145 149 145 145 145 145 157 145 145 145 145 145
 145 148 145 145 145 145 145 145 150 145 145 145 151 145 145 145 145 145 145 145 145 145 145 145 145 145 145 145 154 145 145 145 145 145 145 145 145 145 145 145 145 145 145 145 145 145 145 145 145 145 145 145 145 145 145 145 145 145
 145 158
 162 163 163 163 163
 162 163 163 163 163 170 174 174 174 174 174 174 174 174 229 230
 164 165 164 165 166 167 167 167 167
 164 177 164 165 165 171 172 172 175 177 175 177 177 177 177 177 177 225 228 232 232 233 233 233 233
 164 164 168 168 175 177 177 177 177 226 232 232
 164 166 171 175 175 224 224 225 226 227
 164 167 167 167 167 168 168 175 175 226 227 228 231 231
 166 167 167 167 167 169 169 175 175 225 228 229 230
 178 180 178 178 178 178 178 178 178 178 178 178 178 178 178 178 178 180 182 182 182 182 185 185 185 185 199 199 199 199 201 204 204 207 207 216 216 219 220 220 232 232
 178 178 178 178 178 178 178 178 180 183 183 183 184 183 184 184 184 184 184 197 197 204 204 209 221 221 221 221 233 233
 178 178 178 178 178 178 178 178 179 182 205 199 205 205 205 206 206 206 206 206 207
 179 179 180 180 192 203 203 206 206 206 206 206 206 206 206 206 206 213 217
 179 181 179 181 181 181 188 188 188 188 195 195 198 204 204 208 208 217 217 218 218 222 229 229 229 229
 179 179 181 181 181 181 187 187 194 194 197 197 197 197 204 204 205 205 205 205 205 205 205 205 207 207 217 217 218 218 219 230 230 230 230
 179 179 179 179 188 188 190 190 192 196 196 203 203 212 215 215 215 215 217 217 222 227 227 227 227
 179 179 187 194 194 203 203 213 213 219 224 224 224 224
 179 179 192 201 205 205 205 205 207 207 220 220 231 231 231 231
 179 179 180 180 192 202 202 204 206 206 206 206 206 206 206 206 206 206 219
 179 181 181 191 191 203 206 206 206 206 206 215 221
 179 179 180 180 193 193 197 194 194 197 197 197 202 202 202 202 203 203 207 207 209 210 210 210 210 219 225 225
 179 179 180 180 191 191 191 200 191 192 196 196 200 202 202 202 202 209 212 214 214 214 214 221 221 221 221 228 228
 179 181 181 189 199 203 206 206 206 206 206 218
 179 179 180 180 189 189 189 198 189 192 201 203 203 209 211 211 211 211 213 213 222 226 226
 180 180 181 181 181 181 188 188 204 204 206 206 206 209 206 206 206 206 206 206 206
 180 180 181 181 181 181 192 195 195 199 199 199 199 201 203 203 208 208 209 218 218 223 223 223 223 226 226
 180 180 181 181 181 181 193 193 194 194 194 194 203 203 204 204 209 215 215 215 215 217 217 218 218 225 225
 180 180 181 181 181 181 190 190 191 191 191 191 192 200 200 204 204 213 213 216 216 219 222 228 228
 180 180 189 189 189 189 198 202 202 210 210 210 210 212 232
 180 186 186 186 197 186 197 202 202 209 233
 202 202 203 203 204
 203 203 204
 204 205 205 205 205
 206 206 206 206 206 207 208 210 218 220 223
 206 206 206 206 206 206 206 206 206 206 209 212 216 217 219 222
 206 214 221
 225 230
 233
