 98 101 98 98 102 98 106 98 98 98 98 98 98 98 98 102
 98 107 98 98 108 98 98 110 98 98 98 98 98 98 98 98 100 98 98 98 98 98 98 98 98 98 98 98 100 100 100 100 100 110
 98 111 98 112 98 98 98 98 98 98 98 98 98 98 98 98 98 98 100 100 100 100 100 100 100 100 100 100 100 100 100 100 100 100 112 118 118 119
 98 98 116 98 98 98 98 98 98 99 99 99 99 99 99 99 99 99 99 115 116 120
 99 99 99 99 99 100 100 117 121 123 123
 101 101 128
 101 102 102 102 102 150
 101 103 124 101 104 101 101 101 101 103 142 103 104 103 103 159 103 103 103 103 103 103 103 103 103 103 103 104 104 124 142 142 142 143 200
 101 125 101 127 101 101 109 101 101 101 101 101 101 101 101 104 143 104 104 178 104 109 104 104 104 104 109 147 109 109 109 109 109 109 109 109 109 109 109 109 109 125 125 125 127 143 147 228
 101 105 126 101 101 101 101 101 104 104 104 104 105 144 105 105 105 105 105 105 105 105 105 105 105 105 105 105 144 145 199 208
 101 106 101 107 101 101 101 101 106 106 106 107 126 144 143 144 207 231 231
 101 101 101 133 101 101 101 111 101 101 101 101 101 101 107 107 107 107 111 127 145 127 133 145 147 147 227 239
 101 101 108 101 131 101 101 101 108 108 108 126 131 131 131 146 146
 101 110 101 132 101 101 112 101 101 110 110 110 112 127 132 132 132 132 132 148 148 149 149 230 240
 101 128 101 106 226 106 106 106 128 150 150 150 150 226
 101 130 130 130 130 130 131 130 130 130 130 130
 101 101 101 102 102 102 102 110 110 131 131 144 149 151 151 151 151 151 151 151 151 151 151 151 151 204 204
 101 113 134 101 101 114 101 137 101 101 101 101 101 101 101 101 113 152 113 113 113 113 113 113 114 153 114 114 134 134 152 134 137 153 235 237
 101 136 101 101 138 101 114 114 114 114 136 138 154 241
 101 101 101 140 101 111 111 136 136 140 140 140 153 153 243
 101 115 101 139 101 101 115 115 115 138 138 139 154 245
 101 116 101 141 116 116 116 138 141 141 155 246
 101 101 112 112 140 140 141 141 141 155 232
 102 105 102 105 106 131 277 277
 102 102 102 102 102 110 102 102 102 102 102 102 102 102 102 102 102 104 104 104 104 106 107 106 106 106 106 106 106 106 107 110 110 110 143 149 146 146 149 204 204 204 204 207 247 247 300 300
 102 108 102 102 102 102 118 102 102 102 108 110 108 108 110 118 118 145 149 149 247 250 276 277 277 277 277
 102 109 102 102 102 102 112 102 102 102 107 247 107 109 109 109 109 109 109 109 112 147 147 148 148 148 148 247 253
 102 119 102 102 102 102 102 102 102 112 112 114 114 119 119 153 155 153 155 284 284 302
 102 120 102 102 116 102 102 102 102 102 111 116 116 116 120 120 154 155 155 284 284 301
 103 108 160 103 109 103 161 103 103 103 103 103 103 103 103 113 103 103 103 103 103 108 109 108 108 109 109 109 109 109 113 109 161 249 272
 103 110 162 103 163 103 103 103 103 165 103 103 107 110 162 165 286 286
 103 166 103 167 103 103 107 166 167 167 171 167 247
 104 108 179 104 104 185 104 104 104 114 104 104 108 108 108 108 108 108 108 114 114 114 185 202 211
 104 181 104 104 104 104 104 113 104 104 108 201 108 108 108 108 108 108 108 113 113 113 181 188 212
 104 110 182 104 104 186 104 104 104 104 104 107 111 107 107 107 110 110 110 110 112 110 110 110 111 111 111 112 112 112 112 112 112 112 182 186 203 203 205 205 212 213 295 298
 104 183 104 106 106 106 106 106 106 106 106 107 107 200 209 209 286 300
 104 189 104 111 104 104 107 107 107 107 111 111 111 189 193 201 210 210 295
 105 106 215 285
 105 108 217 105 109 105 218 105 105 105 105 105 105 105 105 105 105 105 105 105 108 108 108 109 109 275 109 109 109 109 109 114 114 218 252
 105 112 221 105 222 105 105 105 105 105 105 111 112 221 222 293
 105 223 105 224 105 105 111 224 294
 106 108 227 106 230 106 106 106 106 106 106 107 108 248 107 250 108 108 108 108 108 108 119 119 119 230 248 250 253 272
 106 109 228 106 229 106 106 107 109 249 107 251 109 109 109 109 109 109 111 229 251
 106 111 232 106 106 106 114 114 118 118 118 118 118 118 232 243 291 291 302
 106 112 233 106 234 106 106 112 116 116 116 116 117 117 117 234 289 305
 106 106 106 242 106 111 115 115 117 117 117 233 242 290 304
 106 237 106 238 106 106 111 114 114 119 119 119 238 288 303
 106 239 106 240 106 106 109 109 109 109 276 109 109 109 109 110 110 110 110 111 240 272 276
 106 246 106 106 106 111 115 115 120 120 120 245 246 287 301 287
 107 254 107 113 113 118 118 118 118 118 118 254 262 295
 107 255 107 268 108 108 108 108 108 108 108 108 111 111 119 119 119 212 213 255 262 268 273
 107 256 107 269 110 110 110 116 110 116 116 116 116 116 116 116 117 117 117 120 120 120 269 274 274 281 297 299 299
 107 107 261 107 270 107 115 115 115 115 117 117 117 120 120 120 256 261 267 270 296 296 297
 107 259 107 113 113 119 119 119 259 263 298
 108 163
 108 108 112 108 108 110 110 112 118 118 118 203 205 254 268 278 278 278 278 283
 108 108 108 108 108 108 108 108 113 113 113 113 114 114 114 114 122 122 122 122 122 122 122 122 122 122 122 122 258 260 265 279 280 282
 108 108 115 115 121 121 121 121 121 121 267 281
 108 116 116 123 123 123 123 123 123 270 274
 110 110 110 110 113 113 119 119 119 273 283 283 298
 117 119 120 119 121 121 121 121 121 121 121 121 304 305 308 308 310
 117 118 120 118 123 119 123 123 123 123 123 123 123 123 123 123 123 123 123 123 123 289 290 306 306 310
 118 119 122 118 122 293 307 307
 119 122 292 309
 124 330
 124 125 125 142 143 142 142 142 162 162 394
 124 156 124 156 156 157 156 156 156 156 156 156 156 156 156 157 311 311 311 316
 124 157 124 124 124 157 157 157 180 180 180 180 180 180 316 316 389 389 389
 124 158 124 159 124 124 126 126 158 176 158 331 158 158 158 158 158 159 176 176 176 179 331 371
 124 124 160 124 124 124 124 124 124 126 126 126 126 157 157 157 157 160 176 176 176 176 187 178 187 187 187 187 187 187 187 187 187 187 187 188 318 353 353 370
 124 124 125 125 125 125 159 178 159 333 333 333 333 390 390
 124 124 124 134 124 125 125 125 125 134 134 134 160 179 160 188 336 380 397 397
 124
 124 161 124 125 125 134 134 161 181 185 335 335 394 403 403
 124 162 124 124 124 127 127 127 127 159 159 162 182 162 162 162 162 162 162 178 182 331 331 353 353
 124 124 126 126 146 163 163 393 393 393 393 393
 124 124 128 128 128 128 128 128 159 159 178 329 329 329 329 329 329 329 329 331 331
 124 164 124 129 129 135 164 184 164 164 184 196 345 404 405
 124 130 126 130 128 130 130 130 130 130 130 130 130 130 130 130 130 130 130 130 130 130 130 130 130 130 130 130 130 130 130 130 130 130 130 130 130 130 130 130 130 130 130
 124 131 131 142 158 142 142 142 158 199 185
 124 124 131 131 131 131 143 161 161 181 199 226 226 231 231
 124 126 128 128 128 131 131 131 131 146 146 163 163
 124 132 165 132 186 132 132 132 132 165 165 165 334 392
 124 124 166 126 126 166 166 166 183 183 332
 124 124 167 127 127 142 142 142 142 167 143 159 200 167 189 167 167 167 167 167 167 167 167 167 167 167 167 167 189
 124 124 168 124 124 127 127 137 137 161 161 168 177 177 181 185 189 189 317 363 369
 124 124 124 169 124 124 124 124 124 127 127 127 137 127 137 137 137 160 160 169 179 182 182 188 190 190 318 370 371
 124 133 124 172 133 165 186 165 165 165 172 195 172 172 195 341 341 401
 124 170 124 135 135 170 170 170 192 340 340 400
 124 124 124 124 135 135 140 140 140 140 140 140 140 140 140 140 140 140 169 169 191 191 197 339 339 399 399 402
 124 124 124 171 124 133 133 133 133 170 191 170 170 170 171 171 171 171 171 171 171 191 193 193 338 338 395 395
 124 135 172 172 172 172 196 334 391
 124 173 124 135 135 173 173 173 197 343 343 402
 124 174 124 124 124 129 129 129 129 135 135 174 174 174 192 198 198 342 342 400 406 406
 124 140 124 135 140 140 140 140 140 168 168 194 195 195 337 392 396
 124 135 175 175 175 175 194 344 398
 125 199 125 125 200 125 201 125 125 125 125 126 126 126 126 127 127 127 127 178 178 199 199 199 200 249 249 353 354 353 354 372
 125 204 125 205 125 125 126 127 126 127 143 143 144 144 144 144 200 204 204 204 247 247 286 286 374
 125 128 206 125 209 128 128 128 133 128 128 206 209 229 240 317 337
 125 207 125 208 125 133 125 128 128 128 128 128 128 128 128 128 128 128 128 133 207 208 228 239 318 339 339
 125 130 127 130 130 130 130 130 130 130 130 130 130 130 130 130 130 130 130 130 130 130 130 130 130 130 130 130 130 130 140 130 130
 125 131 125 125 125 131 131 131 131 135 131 131 131 135 145 145 202 217 239 243 275 275
 125 125 131 131 131 132 131 132 132 276 132 132 132 149 149 203 218 232 240 276
 125 125 210 126 218 136 136 136 185 229 396 407
 125 125 211 125 125 126 126 137 137 188 217 228 399 399 416
 125 125 213 125 125 126 136 126 136 136 136 136 136 179 217 239 402 408
 125 125 214 126 137 181 218 240 392 432
 125 125 131 131 131 140 131 140 140 140 140 140 147 147 212 221 221 228
 126 126 157 157 158 158 158 158 226 226 248 248 316 352 352
 126 126 126 126 176 176 180 370 176 176 180 180 180 180 180 227 255 255 417
 126 215 128 128 128 183 183 215 215 215 215 215 215 215 330 332 330 330 332
 126 216 126 127 127 133 133 189 189 195 195 209 209 210 216 216 216 251 251 363 365 432
 126 126 188 199 199 389 389 389 417
 126 217 126 126 126 178 179 217 371 447 447
 126 219 126 126 126 127 127 127 135 127 135 135 135 190 190 197 208 208 211 219 219 219 252 252 371 379 408
 126 126 128 128 128 128 128 128 128 128 128 128 128 128 178 199 199 227 231 231 231 231 316 316 318
 126 131 131 131 131 144 144 150 150 150 150 181 199 207 250 250
 126 126 131 131 131 131 131 131 131 131 143 145 185 200 208 218 218 219 219 230 268 268
 126 127 134 134 181 218 232 254 254 375 394
 126 126 127 127 138 138 138 138 138 138 179 217 233 256 256 377 380
 126 221 126 127 127 140 140 140 140 140 140 140 140 140 140 140 140 182 182 201 221 221 221 228 372 390 390
 126 135 126 127 127 135 177 177 194 206 206 214 216 216 216 216 264 264 365 369 407
 126 126 135 135 257 137 137 195 195 196 220 220 236 271 271 401 449 449 451
 126 223 126 133 133 136 237 136 258 136 136 136 136 193 193 223 223 223 400 445
 126 224 133 137 238 194 224 224 224 259 259 398 446 446
 126 225 126 129 129 129 129 137 137 198 198 241 260 260 400 448
 126 126 126 126 135 135 135 137 135 137 137 137 191 191 192 225 225 235 258 265 265 395 395 444 444 445
 126 126 126 126 127 127 127 127 133 133 133 133 182 182 191 191 207 207 213 219 219 219 219 253 253 370 416 379
 126 126 133 133 137 137 197 221 221 221 221 243 262 262 402 453 453
 126 133 136 136 136 186 222 222 232 257 391 451
 126 133 139 139 139 196 220 242 261 261 404 452
 126 126 127 127 134 134 134 134 188 217 237 263 263 377 397 397
 126 129 129 137 184 184 220 244 266 266 405 452
 126 126 133 133 139 139 139 139 139 139 192 225 245 267 267 406 406 448
 126 132 132 132 132 132 141 132 141 141 141 141 141 141 141 141 186 222 222 234 269 269 392 450 450
 126 127 138 138 138 185 218 246 270 270 375 403 403
 126 140 127 140 140 140 140 140 189 189 205 224 224 224 224 240 374 394
 127 127 128 128 128 128 128 128 200 200 228 331 333 331 333 333 333
 127 128 128 128 159 162 162 204 204 204 204 240
 127 131 127 127 127 131 131 131 131 131 131 131 143 176 143 176 178 212 272 272
 127 127 131 131 131 131 131 137 131 131 131 137 147 147 153 153 202 217 227 273 273
 127 131 131 131 141 131 141 141 141 141 141 141 141 141 148 148 155 203 218 230 274 274
 128 128 226 226 311 311 311
 128 131 128 128 131 144 144 158 158 159 230
 128 136 128 136 243 343 343
 128 137 128 128 232 236 334 341 341
 128 128 128 128 136 136 139 139 241 245 342 342
 128 128 128 128 128 128 137 137 235 237 338 338 340 340
 128 136 238 344
 128 128 139 136 242 244 345
 128 128 128 128 138 138 140 140 140 140 233 237 336
 128 128 140 138 140 232 246 335 335
 128 141 141 141 234 334
 129 130 130 130 130 130 130 130 130 139 130 130 130 130 130 130 130
 129 129 131 131 131 131 134 134 154 223 223 245 282 282
 130 132 130 130 130 141 130
 130 133 130 130 130 135 130 130 130 130 130 130 136 130 137 130 130 130 130 130 130 130 130 130 130 130 130 130 130 130 130 130 130 130 130 130 130 130 130 130 130 130 130 130 130 130 130 130 130 130 130 130 130 130 130 130 130 130 130 130 130 130 130 130
 130 134 130 130 130 130 130 130 130 130 130 138 130 130 130 130 130
 131 131 144 150 149 278 278
 131 134 131 131 131 131 131 131 131 134 134 134 135 135 152 152 225 237 241 279 280 280
 131 131 131 131 131 138 131 131 131 133 133 138 138 138 138 138 153 153 154 225 235 279 281 281
 131 131 132 134 132 132 155 224 224 246 283 283
 142 146 142 142 142 142 142 142 142 146 157 161 157 157 157 161 161 161 178 188 354 419
 142 147 142 161 142 142 142 168 142 142 152 142 142 142 142 142 142 142 142 142 147 147 152 147 160 201 160 161 161 169 161 168 168 168 169 202 211 212 381 455
 142 149 163 142 142 142 165 149 159 163 165 165 165 205 207 374
 142 142 142 142 172 145 159 163 203 163 172 172 172 208 375
 142 142 166 142 142 145 166 210 166 166 170
 143 143 147 147 182 493
 143 146 143 185 146 146 146 176 199 176 176 176 185 190 190 199 199 199 200 211 200 202 217 217 371 475 475
 143 143 189 143 153 143 153 153 153 179 201 182 182 185 185 189 189 189 212 249 249 272 272 381 436
 143 147 143 147 178 200 189 189 189 189 200 228 228 390 390 494 494 494 494
 143 180 143 146 146 146 146 178 179 180 180 180 180 180 416 180 185 180 180 419 180 180 180 185 188 227 248 248 248 248 273 273 419
 143 181 143 152 181 190 190 202 272 272 436
 143 143 146 146 146 146 157 157 157 157 159 160 159 159 159 160 178 181 181 226 226 227 226 226 226 226 226 226 272 272 318 414 414
 143 144 145 144 144 144 146 148 148 203 219 485
 143 143 186 148 148 272 148 149 148 148 148 148 148 149 203 286 149 149 178 186 203 207 207 239 239 272 286 286 286 295 379 384
 143 143 195 145 145 147 147 249 147 147 178 195 195 195 205 205 208 208 228 228 249 286 286 286 286 295 372 458
 143 183 145 150 206 150 150 150 150 150 150 150 183 209 200 206 209 251 251 285 285 285 285 285 285 285 285 300 300 363 432
 143 151 146 151 149 151 149 151 151 151 151 151 151 151 151 151 151 151 151 151 151 151 151 151 151 151 151 151 205 240 240 286 300
 143 143 145 145 154 154 185 185 192 202 210 287 210 256 256 275 275 287 287 287 296 296 382 478
 143 143 145 145 147 147 147 147 191 201 247 247 247 247 295
 143 187 143 146 146 146 146 178 181 181 187 182 182 187 187 187 187 187 187 187 187 188 187 187 212 228 249 228 249 372 414 414
 143 143 194 145 145 152 152 188 194 201 214 288 214 252 252 263 263 288 298 437 483
 143 145 150 146 146 149 277 149 150 150 150 150 150 150 150 181 204 204 204 204 208 254 254 276 276 277 277 277 277 277 277 277 300 300
 143 144 216 144 144 144 145 183 183 199 199 200 208 210 216 216 216 229 229 373 482 482
 143 152 143 177 177 177 188 177 211 249 249 364
 143 143 149 299 149 149 155 149 155 289 155 155 179 186 186 212 213 253 253 274 274 274 274 289 299 384 489
 143 143 145 154 145 154 179 196 196 211 213 252 252 270 270 270 270 290 290 297 383 486
 143 143 145 145 152 152 181 181 197 211 212 254 254 254 254 275 275 291 291 291 291 295 438 438 479 479
 144 146 144 144 144 144 144 144 144 146 146 146 176 176 176 176 178 178 179 213 218 218 218 218 230 230 239 239 379 487 487
 144 215 150 209 215 215 215 431
 144 147 144 144 220 144 147 154 211 217 220 229 296 229 233 296 490
 144 218 144 144 144 147 228 295 147 153 153 212 218 221 221 221 221 232 232 489
 144 148 144 144 222 144 148 297 148 155 148 155 213 217 222 222 222 228 234 234 488
 144 144 224 144 144 147 147 153 153 201 217 224 224 224 224 224 224 224 237 298 240 240 477
 144 154 144 144 144 147 147 202 218 218 225 239 246 246 297 476
 145 145 146 146 146 146 188 191 191 201 208 207 207 208 212 250 250 250 250 262 262 417 417 487 487
 145 145 146 146 146 146 179 197 202 213 228 228 243 243 252 252 268 268 268 268 408 475 475
 145 293 145 149 149 149 149 155 155 155 155 201 203 203 269 269 269 269 279 293 297 298 301 301 476 477
 145 145 294 145 145 153 153 153 153 201 205 205 257 257 258 293 293 294 294 294 295 298 476 478
 146 147 146 146 146 147 147 147 178 182 182 200 201 200 212 227 231 231 231 231 231 231 231 231 272 272 370 419 419
 146 150 146 150 150 150 150 150 150 150 178 207 207 230 230 253 253 352 352 414
 146 146 149 149 181 185 205 230 232 232 250 250 278 278 278 278 278 278 278 278 283 283 374 485 485
 146 146 147 275 147 197 208 211 208 275 447 447 487
 146 146 153 153 179 212 227 255 255 255 255 453 475
 146 146 146 146 154 154 192 193 193 235 245 267 245 265 265 267 279 281 281 448 497 497
 146 146 153 153 191 191 237 258 237 279 444 497
 146 146 146 146 152 152 192 198 198 235 241 241 258 260 260 280 280 282 282 445 497 497
 146 146 155 155 185 189 189 203 230 246 270 246 268 268 270 274 274 375 485 485
 147 147 150 150 150 150 228 240 240 300 300 300 300 414
 147 151 147 148 151 148 151 151 151 151 151 151 151 151 153 151 155 151 151 151 151 151 151 151 151 151 151 151 151 151 155 298 299
 147 276 147 149 149 149 149 212 276 276 276 295 300 300 300 300 487 495 495 495 495 495 495
 149 149 149 149 152 202 283 283 283 283 298 302 302 477
 150 153 150 150 150 150 150 150 150 153 154 233 238 237 238 244 244 303 303 304 304 435
 150 150 154 150 150 150 150 150 150 153 153 232 232 241 243 246 246 301 301 302 302 433 433
 150 155 150 150 150 155 234 234 237 305 305 434
 156 161 156 156 156 156 163 156 156 313 156 156 156 156 156 160 161 163 311 311 311 311 311 311 313 313 313 313 313 318
 156 166 156 156 156 156 156 160 166 314
 156 168 156 169 156 156 156 156 156 156 156 156 156 156 168 169 313 313 313 313 313 313 314 314 314 314 319 320
 156 156 173 156 156 315 156 156 156 156 156 175 156 156 156 164 164 173 173 174 173 174 175 175 175 312 312 312 312 312 312 315 315 324 326
 157 162 317 157 157 169 157 162 162 162 162 162 162 162 162 169 162 162 162 162 162 162 162 177 177 177 189 177 182 182 190 189 189 189 190 317 318 351 351 354 354 415 416
 157 163 318 157 157 319 157 163 163 163 163 163 163 163 179 181 352 181 185 185 188 319 352 352 352 354 354 416 417 417
 157 157 157 157 159 159 159 159 160 160 178 183 183 183 183 188 316 316 316 316 317 317 351 351 353 353 370 419 419
 157 166 157 160 166 166 166 166 166 166 166 166 166 166 166 166 166 166 166 179 188 248 248 249 255 255 263 320
 157 167 157 160 161 167 161 167 167 167 167 167 167 167 167 167 167 167 167 167 167 167 168 167 167 167 167 167 167 167 167 167 167 167 167 167 167 167 168 182 182 190 190 249 263 272 273
 157 321 157 157 157 169 169 170 170 170 170 170 170 170 170 191 191 197 194 194 195 195 195 195 320 320 321 321 321 356 360 360 425 425 428
 157 322 157 157 173 324 157 169 169 173 173 173 173 173 173 173 192 194 194 196 357 196 197 322 324 356 357 420 426
 157 157 323 168 168 172 172 172 172 172 172 172 172 191 191 197 319 323 323 357 323 323 323 355 355 418 418 430
 157 157 328 164 164 164 164 168 168 197 198 198 324 328 328 362 358 358 422 429
 157 175 157 168 168 175 175 175 175 175 175 175 192 197 325 325 325 326 359 359 360 421 422
 157 157 157 157 169 169 174 174 174 174 184 184 184 184 194 194 197 198 198 326 326 327 327 361 361 362 362 426 427
 158 159 330 158 199 215 215 215 215 330 330 369
 158 162 332 158 158 170 158 162 162 170 162 216 216 216 216 219 219 332 407 411
 158 163 333 158 158 334 158 163 217 218 218 333 333 333 334 408
 158 166 158 162 166 162 166 166 217 256 340
 158 167 158 172 163 167 167 167 167 167 167 172 167 219 219 270 274
 158 168 335 158 158 158 168 221 221 221 221 225 335 339 409 413
 158 158 337 158 158 158 158 158 158 169 169 220 220 221 221 221 221 224 224 224 224 224 224 224 224 225 336 337 410 412
 159 162 162 200 330 367 330 330 367 367 367 394
 159 159 159 159 160 160 169 169 201 211 228 228 235 317 317 336 336 364 368 376 376 381
 159 161 159 159 159 161 161 161 168 168 168 168 202 212 228 235 228 318 335 335 335 335 335 335 335 335 372 377 436 436
 159 163 159 163 163 163 213 230 230 331 331 334 334 334 334 371 379
 159 159 163 163 163 163 212 227 331 331 341 341 341 341 370 372
 159 159 171 171 171 171 207 209 209 332 332 374 378 378
 159 170 208 332 373
 159 166 159 166 166 166 166 166 166 166 201 227 338
 159 170 206 206 332 365
 159 159 159 159 160 160 169 169 205 205 214 214 236 236 240 240 240 240 318 337 337 337 337 372 379 384 386
 160 162 162 162 162 226 239 226 228 247 247 254 254 339
 160 163 163 163 163 248 248 255 255 272 273 316 316 319 370 371
 160 163 163 163 163 250 250 268 253 262 268 319 339 339 372 379
 160 161 161 164 164 164 164 252 260 275 282 322 328 328 328 383 454
 160 173 173 252 265 322 387 456
 160 161 161 165 276 165 165 165 165 165 165 165 253 262 276 283 283 319 323 323 323 323 323 323 384 458
 160 160 171 171 171 171 171 171 171 171 251 251 259 253 262 259 320 321 321 384 386
 160 174 252 260 327 366
 160 173 173 264 264 271 271 324 388 459 459 459
 160 174 264 264 266 266 326 388 388
 160 161 161 175 175 175 175 175 175 175 175 252 265 275 280 325 325 325 327 385 437
 161 161 162 162 162 162 272 273 316 335 335 380 390 390
 161 163 277 163 207 208 226 226 247 254 277 277 277 278 278 278 278 323 323 323
 161 161 173 173 275 280 328 328 328 438 457
 161 163 163 250 268 276 283 323 323 323 335 335 374 375
 161 166 166 166 168 166 166 166 166 166 205 214 250 251 259 268 321
 161 161 174 275 282 325 325 325 382
 162 163 162 162 162 163 249 272 318 329 329 329 329 329 341 329 329 329 341
 163 170 163 163 163 170 170 347 170 258 279 338 338 347 347 347 445 448
 163 163 163 163 163 163 163 163 169 169 201 211 202 212 318 319 319 416 417 417 447 447 447 447 453 453
 163 171 163 171 171 171 267 281 340 340 347 347 444 444
 163 163 173 173 348 252 275 343 343 348 348 348 348 348 408
 163 163 163 163 174 174 260 265 280 282 342 342 346 346 346 346 346 346 445 448
 164 166 166 266 271 350
 165 166 165 166 166 172 166 172 257 261 269 347
 166 175 264 349
 176 178 367 215 215 215 215 215 215 215 215 351 367 367 367 367 367 376 367 367
 176 369 176 176 183 176 178 179 380 183 183 183 199 199 199 199 217 217 353 353 368 369 377 380 481 481
 176 182 373 176 176 197 176 182 192 190 190 216 216 216 216 216 220 216 216 216 220 220 220 368 373 382 388 388 484 490
 176 374 176 176 176 195 182 381 182 191 189 189 189 195 189 191 384 195 195 219 219 219 221 219 221 221 221 221 221 221 221 372 374 483 489
 176 189 375 176 176 176 189 189 196 189 190 190 197 196 219 219 219 219 225 225 375 379 383 387 387 486 488
 176 191 378 176 182 182 191 216 216 216 224 216 224 224 224 224 224 224 224 376 378 386 473 492 492
 176 176 176 194 176 177 177 177 194 177 182 182 192 385 219 219 219 225 219 225 365 365 366 377 472 491 491
 177 181 177 272 177 177 178 181 200 200 202 235 272 351 351 363 363 368 380 381 380 436
 177 183 199 204 199 206 204 204 214 204 206 219 474
 177 187 177 182 187 182 187 187 195 187 197 187 459 195 364 438 458 459 459
 177 177 184 454 184 187 457 187 187 187 187 198 187 190 190 198 366 388
 178 179 182 182 200 200 201 237 237 249 249 351 364 351 369 369 376 376 397 397 397 397 455
 178 182 200 200 228 228 353 353 394 394 394 394 397 397 493 493 493
 178 180 179 180 180 180 183 180 180 183 352 352 370 414 415
 178 182 179 182 204 204 204 212 204 204 204 204 204 205 205 228 230 228 230 232 232 232 232 247 247 247 247 272 272 298 384
 178 178 193 193 207 207 209 209 209 209 229 229 229 229 239 239 351 365 351 354 354 365 373 373 386 458
 178 191 208 208 228 228 354 354 374 374 458
 178 183 183 183 183 201 227 228 228 231 231 231 231 231 231 231 231 351 351 353 353 363 363 372 390 390 390 390 414 414
 178 185 275 185 196 196 202 208 208 241 241 275 358 358 358 358 375 375 383 408 457 457 476
 178 187 183 187 183 187 187 187 187 188 354 376 376 397 397 397 397 419
 178 188 197 201 208 208 235 252 252 357 357 375 375 416 438 438 455 489
 178 185 185 186 186 276 203 203 207 207 243 243 276 276 276 355 355 355 355 374 374 408 436 438 438 477
 178 183 183 183 183 200 200 226 226 226 226 226 226 226 226 227 249 249 316 316 316 316 317 317 318 331 331 331 331 363 363 414 414
 178 188 190 190 200 200 211 235 249 249 354 354 370 377 381 403 403 403 403 403 403 403 403 455
 178 185 185 189 189 189 189 200 200 212 237 237 272 272 354 354 371 372 381 394 394 394 394 436
 178 191 206 206 206 206 240 240 240 240 351 351 378 378 378 378 386
 178 182 204 204 204 204 240 240 240 240 495 495 495
 178 179 193 193 209 209 209 209 213 238 238 238 238 253 253 356 376 376 386 411 411 456 456 473 473
 178 179 192 208 208 211 241 241 252 252 362 362 377 382 407 407 454 490
 178 179 193 193 207 207 210 210 243 243 251 251 251 251 360 360 372 381 407 407 437 489
 178 188 190 190 204 204 204 213 204 204 204 204 204 214 214 227 229 229 229 229 236 236 247 247 247 247 249 249 298 386
 178 197 188 205 205 206 206 206 206 236 236 264 264 264 264 356 364 373 373 415 437 473 473
 178 179 192 206 206 206 206 214 214 244 244 244 244 264 264 264 264 361 361 366 368 385 411 411 472
 178 181 181 194 194 208 208 212 235 275 275 359 359 359 359 377 432 432 437 458 477
 179 185 409 185 195 195 195 195 201 212 258 279 381 409 410 458 478 491 491
 179 188 197 201 211 258 265 265 382 410 426 458 486 492 492 492 492
 179 183 183 183 183 201 227 237 237 255 255 255 255 370 371 376 376 417 417 441 441 481 481
 179 191 205 205 257 257 384 410 488
 179 191 201 258 386 412 484
 179 181 181 194 194 201 202 265 265 279 385 386 413 413 435 480 480 483
 179 188 197 205 205 214 214 257 257 271 271 271 271 383 412 420 458 483 490
 180 414 180 180 182 182 189 189 419 419
 180 191 421 180 423 180 425 180 194 180 180 191 192 194 421 423 427
 180 424 180 426 180 428 180 195 180 429 180 197 180 430 180 180 180 180 180 191 191 192 195 195 195 196 196 197 420 424 429 430
 181 181 182 212 273 273 414 414 436 481 494 494 494 494
 181 183 183 209 209 230 250 250 259 259 369 374 378 378 392 392 431 431 431 431 474 474
 181 185 433 181 185 197 202 212 279 280 280 381 409 409 433 457 457 479 479 486
 181 434 181 186 186 188 203 203 213 262 262 283 283 283 283 418 418 418 418 434 436 458 483 489
 181 435 181 184 184 184 184 188 202 211 260 260 282 282 385 422 422 454 484 486
 181 181 188 189 189 189 189 201 212 263 263 273 273 414 414 419 419 436 455 475 475 493 493 493 493 493 493
 181 181 198 202 282 282 382 433 433 478
 182 182 187 189 187 187 190 187 191 187 187 458 187 187 194 187 187 187 187 189 189 189 190 191 194 197 384 386 437 455 456 456
 182 183 183 233 233 256 256 368 371 447 447 481
 182 188 205 205 254 254 254 254 414 414 458 487 493 493 493
 183 188 183 183 183 200 200 227 248 248 248 248 263 263 353 353 369 369 371 389 389 389 389 389 389 415 389 389 419 389 389 389 389 419
 183 189 183 189 200 209 204 205 204 207 204 204 209 231 231 231 231 240 240 247 247 300 300 378 378
 183 183 185 210 230 238 238 268 268 373 394 394 396 396 407 411 482 482
 183 194 183 206 214 206 240 240 264 264 365 369 411 398 398 440 440 440 440 440 440 440 440 474 474
 183 195 205 206 206 363 431 431 431 431 446 482
 183 195 232 232 257 392 392 439 450 496
 183 183 186 234 234 242 242 261 261 269 269 391 391 401 439 442 451 496 496
 183 184 236 266 266 405 405 443 449 498 498 498 498 498
 183 183 196 236 244 244 257 271 271 401 404 404 442 443 452 496 496
 185 185 188 194 194 211 212 258 280 280 412 422 422 454 455 483 491 491
 185 185 191 212 279 413 413 455 486
 188 188 193 193 210 210 213 259 259 259 259 262 262 425 425 428 455 458 483 492 492 492 492
 188 198 214 214 266 266 266 266 427 454 484
 188 198 211 260 260 426 457 457 491 491
 199 200 215 226 215 215 215 215 231 215 215 215 226 231 317 330 330 330 330 330 330 363
 199 203 199 203 218 218 222 222 222 222 239 243 383 390 390 391 391 476
 199 205 199 205 217 221 221 221 221 232 232 240 240 390 390 392 392 436 477
 199 210 199 210 217 223 223 223 223 239 243 382 394 394 400 478
 199 199 200 208 219 375 393 393 393 393 393 403 403 485
 199 199 201 217 221 221 221 221 228 237 394 394 399 399 455 479 479
 199 214 199 214 217 225 240 240 244 244 380 385 398 398 480 480
 199 199 202 218 218 220 220 228 241 380 396 396 454 478
 199 199 212 218 218 224 224 224 224 224 224 224 224 228 237 392 392 397 397 458 483
 199 199 213 217 223 223 223 223 229 229 238 238 397 397 405 405 454 484
 199 199 211 217 225 228 241 402 403 403 403 403 457 457 486
 200 203 200 203 230 230 234 234 234 234 274 274 274 274 290 290 297 371 379 387 387 391 391 391 391 408 488
 200 205 200 205 227 233 233 270 270 270 270 289 289 299 299 371 379 381 401 401 416 483
 200 207 231 231 286 300 374 393 393 393 393 394 393 394
 200 210 200 210 227 239 239 247 247 247 247 295 395
 200 200 202 230 230 236 236 273 273 288 288 295 370 372 396 396 396 396 408 456 456 489
 200 200 212 230 230 240 240 240 240 272 272 286 286 286 286 298 353 353 371 374 374 384 390 390 390 390 392 392 392 392
 200 200 213 227 239 239 249 249 286 286 286 286 298 353 353 370 375 375 380 380 401 401 458
 201 204 202 204 204 204 204 204 204 204 227 230 230 235 246 246 246 246 256 256 273 273 284 284 284 284 298 299 299 477
 201 209 209 209 209 227 240 240 240 240 253 253 298 300 300 300 300 378 384 378 378 378 415 419 419 474 474 474 474 495 495 495 495 495 495 495 495 495 495 495 495
 201 207 207 227 228 228 253 253 298 300 300 300 300 374 374 384 416 419 419 485 485 485 485 493 493 493 493 493 493
 201 210 205 213 205 210 255 255 255 255 295 298 419 419 428 475 475 487 487 489 492 492 492 492
 201 202 212 214 214 250 250 250 250 300 300 300 300 303 303 386 436 477 481 481 482 482 482 482 489
 201 213 255 255 298 414 434 481 481 483
 201 205 205 212 212 268 268 268 268 295 298 436 458 483 489 493 493 493 493 493 493 494 494 494 494 494 494 494 494
 202 203 277 203 247 250 247 252 250 272 275 277 277 277 277 277 277 277 291 291 302 355 355
 202 205 205 211 212 250 250 250 250 300 300 300 300 302 302 384 436 475 477 475 479 479 485 485 485 485
 203 212 203 278 278 278 278 278 278 278 278 295 414 418 418 487 487 489
 204 206 215 216 215 215 215 440
 205 207 205 207 227 228 228 251 251 251 251 295 300 300 300 300 372 386 414 414 432 432 482 482 482 482 494 494 494 494 494 494 494 494
 206 207 206 208 209 209 226 226 226 226 285 285 285 286 285 285 285 285 285 286 317 321 321 332 332 332 332 431 431 431 431 432
 206 212 206 206 206 230 279 230 237 237 292 292 292 292 298 364 376 376 412 439 439 472 490
 206 213 206 206 206 227 238 238 238 238 258 292 292 292 292 298 366 376 376 427 443 443 473 473 484
 207 210 207 210 227 245 245 261 261 261 261 297 301 301 375 375 382 424 424 448 476 478
 207 214 207 214 227 235 259 259 259 259 298 303 303 377 386 423 423 423 423 446 446 446 446 477 483
 207 207 212 230 230 246 246 246 246 281 281 297 305 305 377 413 413 436 450 450 450 450 488 489
 207 207 213 227 245 245 267 267 296 296 304 304 377 385 421 421 452 452 486 490
 207 207 211 227 235 262 262 295 302 302 375 375 381 430 430 453 453 479 479 489
 208 210 208 210 227 243 243 257 257 294 294 294 294 295 374 382 374 424 424 445 476 477
 208 208 212 230 230 232 232 232 232 279 293 293 295 372 436 409 409 450 450 450 450 476 488
 208 208 213 227 243 243 258 293 293 295 372 383 429 429 451 451 478 489
 209 211 209 209 209 227 236 236 262 262 295 303 303 373 381 373 428 441 441 473 473 477
 209 212 209 209 209 230 230 233 233 281 281 296 296 304 304 368 381 410 439 439 472 477
 209 213 209 209 209 227 242 242 242 242 267 267 297 305 305 368 387 387 420 442 442 472 480 480
 210 211 210 213 214 214 248 248 248 248 286 286 286 286 288 288 354 354 356 407 407 408 417 417 428
 211 213 247 255 247 270 248 248 249 255 256 270 284 284 289 430
 215 217 227 215 228 215 215 215 462 215 215 215 215 215 215 237 215 215 215 215 215 367 367 368 367 367 367 367 367 367 415 462 462 462
 215 218 229 215 230 215 461 215 215 215 238 215 215 367 373 367 367 367 411 461 461 461 461 461 461 461 461
 215 220 232 215 236 215 215 215 215 244 215 215 439 443 461 461 461 461 461 461 461 461 461 462 462
 215 221 233 215 215 215 441 462 462
 215 222 234 215 242 215 215 442 460 460 460 460 460 460 460 460 460 462
 215 224 240 215 463 367 378 463 463 463 463 463 463 463 463 463 463 463 463 463 463 463 463 463 463 463 463 463 463 463 463 463 463
 216 218 216 272 216 216 216 216 216 216 217 218 217 218 218 249 258 249 272 279 351 351 366 382 385 437 439 439
 217 217 219 219 249 249 258 354 449 449 454 456 457
 217 219 217 219 247 247 247 257 247 257 286 286 296 297 299 444
 218 218 219 218 218 219 272 272 279 354 383 387 438 450 450
 226 229 226 226 226 228 239 229 240 240 286 286 286 286 318 333 333 333 333 333 333 333 333 337 337 432 432
 226 232 226 233 226 226 232 246 237 246 289 289 319 319 334 334 334 334 336 434 434
 226 238 226 241 226 226 238 244 243 244 288 288 327 327 336 344 344 344 344 435
 226 242 226 243 226 226 238 238 242 245 290 290 322 322 336 345 345 435
 226 226 241 243 291 291 328 328 328 335 335 343 343 433
 226 226 243 245 287 287 325 325 325 335 335 342 433
 228 231 231 231 237 231 239 243 295 381 394 394 402 438 438
 228 231 231 231 246 231 233 240 240 246 299 299 380 384 392 392 436
 228 229 229 231 232 231 243 231 231 232 295 390 390 396 396 436 437
 229 231 229 242 231 231 245 231 239 242 297 380 383 385 404 404
 231 239 231 245 296 382 403 403 406
 231 240 231 231 231 237 239 238 238 240 298 386 397 397 398 398 437
 247 268 247 265 268 273 275 284 284 287 287 293 295 297 424
 248 251 248 252 251 264 253 264 285 285 285 285 285 285 285 285 288 360 411 411 415 466 466 466 466
 248 252 253 273 274 274 277 277 277 277 284 306 306 306 355
 248 254 248 256 254 270 263 270 289 306 306 306 306 306 306 352 352 357 408 416
 248 259 248 260 259 266 262 266 288 309 309 309 309 309 309 362 412 427 467
 248 261 248 262 259 259 261 267 290 310 310 310 357 410 420 468 468
 248 260 262 291 307 307 307 358 409 429 469
 248 262 267 287 308 308 308 359 413 421 470
 249 250 275 250 264 264 272 285 285 285 285 285 285 285 285 303 359 359 360 368 373 373
 249 268 268 271 271 273 275 288 294 294 358 358 429 454 458
 249 269 268 268 269 274 274 276 276 290 301 355 355 383 384 409
 250 254 250 254 260 273 282 302 307 307 307 307 307 307 424 433 476 478
 250 250 259 256 259 273 281 304 308 308 308 308 308 308 413 423 423 477 480 480
 250 250 270 262 270 273 310 281 301 310 310 409 430 486 489
 250 263 250 269 269 274 274 283 283 305 310 310 310 413 418 418 483 488
 250 250 266 263 266 273 309 282 303 309 309 309 309 309 421 422 484 490
 251 255 251 271 252 255 262 271 294 294 303 429 471 471 483 484
 251 251 261 253 255 255 261 267 301 305 430 470 470 488 490
 251 256 251 268 268 272 281 287 287 304 359 359 385 409 436
 252 254 254 268 268 272 280 291 291 293 358 358 383 433 436
 252 262 253 255 255 265 293 302 424 469 469 488 489
 253 255 259 255 259 264 264 265 292 292 303 421 467 472 473 473
 253 267 255 304 423 468 472
 253 270 268 268 270 272 281 290 305 357 381 387 387 413
 263 264 264 268 268 272 280 288 292 292 362 364 366 422
 272 274 274 278 278 278 278 289 352 379 418
 275 276 464 276 277 277 277 277 291 464 464 464 464 464 464 464 464
 275 465 276 276 278 278 278 278 280 278 278 278 283 278 283 293 302 433 465 465 465 465 465 476 477
 277 283 277 277 277 282 283 284 287 294 294 301 307 307 307 465 465 465
 284 303 305 308 308 308 499 499
 285 285 285 285 285 285 285 285 289 290 292 292 293 304 305 441 441 442 442 470 470 471 471
 286 286 286 286 289 289 290 290 295 296 296 297 298 408 410 416 420 447 447 447 447 451 451
 287 288 290 291 306 306 306 319 322 348 348 348 348 348 348 469
 288 289 301 302 303 304 310 310 310 434 434 435 469 469 499 499 499 499 499 499 499 499
 295 296 299 300 300 301 301 477 478 485 485 497
 297 298 298 299 299 300 300 300 300 304 304 305 305 477 480 480 481 481 483 488 496 496 496 496
 306 308 307 309 309 310 470 471
 311 311 311 316 330 330
 311 311 311 311 311 311 311 314 311 311 311 311 311 314 314 314 317 317 318 332 332
 311 311 311 313 313 313 313 313 313 319 335 335 336
 311 311 311 314 314 314 314 321 321 337 337 339
 311 311 312 312 312 312 325 328 342 343 343
 311 311 311 311 311 311 315 315 315 315 315 315 322 327 342 343 343 344 344 344 344 345 345
 311 313 313 323 323 339
 312 312 312 312 313 313 315 313 313 315 322 325 327 328 346 346 348 348 348 348
 312 315
 314 314 315 315 315 324 326 349 349 349 350 349 350
 316 316 330 330 330 330 389 389 389
 316 318 316 316 320 316 320 332 332 332 332 332 332 332 332 351 363 351 352 352 352 352 363 369 370 369 371 415 417 417
 316 316 316 316 318 331 331 353 353 354 370 393 393 393 393 393 393 393 393 393 393 419
 316 316 318 333 333 333 333 333 333 333 333 336 354 354 380 394 394 403 397 397 403 403 403 416
 316 316 319 319 334 334 334 337 334 337 356 392 392 396 396 399 399 402 428
 316 322 339 343 343 355 396 355 391 391 396 424
 316 321 321 339 340 340 359 359 392 392 398 398 423 423
 316 324 339 343 343 360 400 402 429
 316 326 316 326 337 337 344 344 344 344 356 398 398 405 400 402 405 427
 316 316 324 324 337 337 345 345 361 361 398 398 402 406 404 404 406 420
 316 320 339 340 340 357 399 399 402 430
 316 327 339 342 358 358 396 396 404 404 424
 316 326 339 342 362 402 406 406 421
 317 318 317 329 329 329 329 329 332 329 333 329 329 329 329 329 329 329 329 338 329 329 332 333 332 332 333 333 333 333 338 333 333 351 351 354 354
 317 317 318 331 331 331 331 337 337 337 337 339 339 339 339 365 365 373 390 373 374 374 378 395 378 378 378 386 390 390 395 390 458
 317 317 318 319 319 319 319 341 341 341 341 341 341 341 341 364 381 415 416 436 436 441 441 453 453
 317 321 321 332 332 337 332 332 337 365 373 378 374 378 431 432 431 431 431 440 440 440 440 446 440 440 440 440 446
 317 317 318 322 322 324 324 345 345 345 345 366 383 385 387 387 408 411 411 442 442 448
 317 317 318 326 326 327 327 344 344 344 344 344 344 344 344 366 408 411 445 411 437 443 443 454 456 456
 318 330 330 330 330 330 330 330 330 330 330 330 330 336 367 370 367 371 367 367 367 367 367 367 380 390 390 462 462 462 462
 318 318 331 331 331 331 336 336 339 339 339 339 372 374 374 375 394 375 379 384 394 394 401 394 401 458
 318 320 320 332 332 332 332 332 332 332 332 336 336 368 376 372 377 376 415 417 417 447 441 441 447 447 447
 318 321 321 321 321 338 338 386 458 432 432 446 446 446 446
 318 318 322 322 324 324 343 343 343 343 343 343 343 343 382 383 407 407 408 437 438 438 445 451 451
 318 320 320 338 338 381 416 453 453 455
 318 318 326 326 327 327 342 342 342 342 382 385 407 408 407 448 452 452 454 457 457
 319 321 319 320 321 347 347 347 347 409 413 410 412 468 468 470 470
 319 324 348 348 348 348 348 348 357 362 358 359 466 466 471
 319 327 346 346 346 433 435 469 469
 319 326 346 346 346 422 426 467
 320 326 321 327 321 349 349 349 349 349 349 349 349 349 349 349 349 349 349 349 349 356 360 362 361 361 466 466 466 466 467
 320 321 322 321 324 350 350 350 350 350 350 350 350 420 427 421 429 467 471 471
 323 325 323 346 424 465 465
 323 328 323 348 348 355 358 464 464 464 464 464 464 465
 329 330 329 331 329 329 330 331 330 330 330 330 353
 330 330 330 333 330 330 330 331 331 333 333 333 353 353 367 367 367 367 367 367 367 367 397 397
 330 334 405 461 461 461
 330 330 341 330 334 341 392 401 462 462
 330 337 330 392 398 461 461 461 463 463 463 463 463 463 463 463 463 463 463 463 463 463 463 463 463 463 463 463 463 463 463 463 463 463 463 463 463 463 463 463 463 463 463 463
 330 344 396 461 461 461
 330 330 345 391 404 460 460 460 460 460 460 461 461 461
 331 332 331 331 331 332 332 332 340 340 340 340 368 369 369 371 377
 331 331 332 332 338 370 376 376
 331 331 338 332 332 363 363 372
 332 334 332 334 347 341 341 347 439 443 449 449 452
 332 332 341 334 334 341 347 347 439 442 450 450 451
 332
 332 344 344 349 349 349 349 407 411
 332 332 345 345 350 350 350 350 442 443 451 452
 351 351 352 431 352 356 365 365 379 411 425 411 431 431 431
 351 351 353 353 353 353 354 354 364 369 369 371 372 376 376 390 390 390 390 394 394 394 394 399 399 399 399 455
 351 356 351 361 361 366 384 386 388 388 411 412 411 415 427 440 440 440 440 440 440 440 440 440 440 440 443 440 440 440 440 440 443
 352 352 352 352 356 407 416 407 408 432 432 466 466 466 466
 352 352 353 353 370 371 389 389 389 389 389 393 389 393 393 393 393 393 393 393 393 393 414 416
 352 434 352 354 354 357 357 375 377 375 408 417
 352 356 352 352 352 361 361 410 412 426 435 446 446 446 452 446 448 452 453 453 467 467 468 468 468 468
 352 352 360 362 409 413 422 433 448 453 453 469 469 470 470
 353 353 356 370 371 374 374 379 386 395 395 402 402 407 407 416 456 456 492 492 492 492
 353 357 353 357 368 369 369 370 372 401 401 402 402 408 415 458 459 459 459 459 459 459 483
 353 360 353 360 363 365 363 398 365 371 378 378 378 378 384 395 395 398 398 398 411 411 432 432 437 483
 353 361 365 365 366 371 400 400 407 407 491
 353 362 353 362 369 408 369 371 373 373 379 388 388 400 400 405 405 405 405 411 411 454 484
 354 354 362 356 362 408 412 447 416 426 445 447 447 447 454 455 457 458 457
 354 360 354 361 360 361 381 385 382 386 407 407 410 432 432 435 445 447 447 447 447
 355 359 418 422 418 429 430 465 465 465 471 499 499 499 499
 356 425 426 425 427 428 467 467 500 500 500 500 500 500 500 500 500 500 500 500 500 500 500 500 500 500 500 500 500 500 500 500
 357 360 420 421 430 423 424 423 428 467 471 471 499 499 499 499 499 499 499 499
 363 366 363 371 372 373 373 396 396 396 396 409 409 435 436 439 439 445 478 489
 363 363 364 370 372 376 376 381 394 394 394 394 414 416 414 415 419 419 475 475 494 494 494 494 494 494 494 494
 363 363 364 368 370 430 379 441 384 401 401 430 434 434 441 453 453 477 483
 363 363 366 370 373 373 379 383 404 404 404 404 429 429 435 442 442 448 476 488
 364 365 365 370 426 371 372 388 388 402 402 412 445 449 449 449 449 473 473 484
 364 365 365 372 374 379 374 386 417 419 417 419 428 473 474 473 474 474 474 482 482 482 483 482
 364 372 447 479 493 493 493
 364 366 381 414 426 414 435 456 456 472 473 473 475 475 483 486 497 497
 365 366 365 370 370 379 388 388 406 406 406 406 426 427 448 452 452 472 490
 365 365 370 425 386 395 425 446 446 446 446 473 473
 368 378 378 378 378 384 414 423 423 431 431 431 431 474 474 474 474 477
 369 369 371 378 372 378 444 378 378 384 392 392 392 392 410 413 413 436 439 439 444 472 480 480
 369 379 412 369 370 378 421 378 378 378 385 386 398 398 398 398 421 443 443 444 444 472 477
 370 374 414 374 386 390 390 414 432 432 487 495 495 495 495 495 495
 370 371 372 393 393 393 393 393 399 393 393 393 393 393 399 417 417 453 475
 370 372 381 390 390 416 419 419 481 493 493 493
 370 371 374 374 379 384 387 387 402 402 410 420 444 444 451 451 488 489
 370 379 384 395 428 453 453 489
 371 371 372 374 374 381 386 399 399 399 399 410 412 444 444 449 449 449 449 486 490
 371 379 447 390 393 390 393 393 393 393 393 393 402 393 393 393 402 408 447 487
 372 375 374 374 375 377 417 417 419 419 430 430 455 458 475 475 477 483 487 487
 372 374 374 381 384 447 447 477 494 494 494 494 495 495 495 495 495 495
 372 379 381 414 417 434 485 485 485 485 489
 373 376 373 376 414 425 431 431 431 431 458 473 473 487 487
 376 378 378 386 440 440 440 440 473 495 495 495 495 495 495
 381 383 419 429 419 420 429 438 438 458 476 483 487 487 491 489 491 497 497
 382 386 419 419 421 421 427 437 455 477 484 487 487 492 490 492 492 492 497 497
 384 385 414 424 414 424 435 437 458 476 482 477 482 482 482 488 489 496 496 496 496
 384 387 419 420 459 459 459 472 474 474 483 496 496
 386 388 419 427 456 473 473 474 474 484 498 498 498 498 498 498 498 498 498 498
 389 414 389 389 397 390 390 397 394 394 419 419
 389 391 418 389 392 420 389 391 392 402 418
 389 396 422 389 398 427 389 399 389 389 389 405 392 392 405 396 398 399 400 422 428
 389 389 389 399 400 399 402 425 426
 393 395 393 393 393 393 400 393 393 393 393 406 393 395 400 406 444 445 448 497
 407 412 407 416 425 417 427 446 417 425 445 446 446 446 467 467 483 484 491 491 492 492 492 492
 408 410 416 417 417 453 426 428 445 453 469 469 469 469 478 479 479 486 483
 408 453 412 417 420 417 432 432 434 434 451 451 453 471 471 471 471 476 477 489 490
 410 411 411 415 428 431 431 431 441 431 431 431 431 431 435 441 443 443 467 467 472 489 473 473 490
 414 422 414 422 433 433 436 436 437 454 475 475 478 479 479 489 490 497 497
 415 420 431 431 442 431 431 434 442 468 468 472 488
 416 417 417 452 427 428 432 432 435 448 452 470 470 470 470 478 486 480 480 484
 416 417 425 426 448 468 468 486 491 491
 466 467 468 468 469 470
 472 474 474 474 474 480 481 495 495 495
 473 492 500 500 500
 475 475 485 476 485 485 486 485 487 487 488 494 494 494 494
 475 482 475 478 481 482 482 482 484 487 490 493 493 493
 477 483 489 499 499 499 499
