 3 3 3
 3 4 3 5 3 3 3 3 3 3 3 3 3 3 3 3 3 3 3 3 3 3 3 3 3 3 3 3 3 3 3 3 3 3 3 3 3 3 4 4 4 5 4 4 4 4 4 5 5
 3 3 3 3 3 3 3 3 6 3 3 3 3 3 3 3 3 3 3 3 3 3 3 3 3 3 3 3 3 3 3 3 3 3 3 3 3 3 3 11 3 3 3 3 3 3 3 3 3 3 3 3 3 3 3 3 5 5 5 5 6 6 6 6 6 6 6 11 11
 3 3 3 6 6
 3 8 3 3 3 3 3 3 3 3 3 3 3 3 3 3 3 3 3 3 3 3 3 3 3
 3 3 3 3 3 3 3 3 3 3 3 3 3 3 3 3 3 3 3 3 3 3 3 3 3 3 3 3 3 3 3 3 3 3 3 3 3 3 3 3 3 3 3 3 3 3 3 3 3 3 3 3 3 3 3 3 3 3 3 3 3 3 3 3 3 3 3 3 3 3 3 3 10 10 10 20 20
 3 3 3 3 11
 3 12 3 3 3 14 3 3 3 3 3 3 3 3 3 3 3 3 3 3 3 3 3 3 3 3 3 3 3 3 3 3 3 3 3 3 3 3 3 3 3 3 3 3 3 3 3 3 3 3 3 3 3 3 3 3 3 3 3 3 3 3 3 3 3 3 3 3 3 3 3 3 3 3 12 12 12 14 14
 3 3 13 3 3 3 3 3 3 3 3 3 3 3 3 3 3 3 3 3 3 3 3 3 3 3 3 3 3 3 3 3 3 3 3 3 3 12 13 13
 3 3 3 3 3 3 3 3 3 3 3 3 3 3 3 3 3 3 3 3 3 3 17 3 3 3 3 3 3 3 3 3 3 3 3 3 3 3 3 3 3 3 3 3 3 3 3 3 3 13 13 14 17 17 17
 3 3 3 3 3 3 3 3 16 3 3 3 3 3 3 3 3 3 3 15
 3 3 20 3 3 3 3 3 3 3 3 3 3 3 3 3 3 3 3 3 3 3 3 3 3 3 3 3 3 3 3 3 3 3 3 3 3 3 3 3 3 3 3 3 3 3 3 3 3 3 3 3 3 3 3 3 3 3 3 3 3 3 3 3 3 3 3 3 3 3 3 3 3 18 18 18
 3 3 3 3 3 3 3 3 3 3 3 3 3 3 3 3 3 3 3 3 3 3 3 3 3 3 3 3 3 3 3 3 3 3 3 3 3 3 3 3 3 3 3 3 3 3 3 3 3 3 3 3 3 3 3 3 3 3 3 3 3 3 3 3 3 3 3 3 3 3 3 3 19 19 19 20 20
 3 3 3 3 23 3 3 3 3 3 3 3 3 3 3 3 3 3 3 3 3 3 3 3 3 19 23 23 23
 4 4 4 4 4 4
 4 4 4 4 4 4 4 6 4 4 4 4 4 4 4 4 4 4 4 4 4 4 4 4 4 4 4 4 4 4 4 4 4 4 4 4 4 4 4 4 4 4 4 4 4 4 4 12 4 4 4 4 4 4 4 4 5 5 5 5 5 5 5 6 5 5 5 5 5 5 5 5 5 6 6 6 6 6 6 6 6 6 6 6 6 6 6 6 6 6 6 6 6 6 6 6 6 6 6 6 12 6 6 6 12 12
 4 4 4 4 4 4 4 4 4 4 4 4 4 4 4 4 4 4 5 5 5 5
 4 4 4 6 6 6 6 6 6 6 6
 4 4 4 4 4 4 4 4 4 4 4 4 7 10
 4 4 4 4 4 4 4 4 4 4 4 4 4 4 4 4 4 4 7 9 9 9 9 21 21 23 23 23 23
 4 4 4 4 4 4 4 4 4 4 4 4 4 4 4 4 4 4 8 8 20 20
 4 4 4 4 4 4 4 4 4 4 4 4 4 4 4 4 4 4 4 4 4 4 4 4 4 4 4 4 4 4 4 4 4 4 4 4 4 4 4 4 4 4 4 4 4 4 4 4 4 4 4 4 4 4 7 7 7 8 8 20 20 21 21 21 21 21 21
 4 11 4 4 4 4 4 11 11 11 14
 4 4 4 4 4 13 4 4 4 4 4 4 4 11 11 11 11 13 13 13
 4 4 4 4 4 4 4 4 4 4 4 4 4 4 4 4 4 4 4 4 4 4 4 4 4 4 4 4 4 4 4 4 4 4 4 4 4 15 4 4 4 4 4 4 4 4 4 4 4 4 4 4 4 4 4 11 11 11 11 11 11 11 11 11 14 11 11 11 12 12 12 12 12 12 12 15 12 14 14 15 15 15 15 15 15
 4 4 4 4 4 4 12 12
 4 4 4 4 4 4 4 4 4 4 4 4 14 14 19
 4 4 4 4 4 4 4 4 4 4 4 4 4 4 4 4 4 4 4 4 4 4 4 4 13 13 13 13 14 14 18 18
 4 4 4 4 4 4 4 4 4 4 4 4 4 4 4 4 4 4 12 12 13 13 13 13 13 13
 4 4 4 4 4 4 4 4 4 4 4 4 4 4 4 4 18 4 4 4 4 4 4 4 4 4 4 4 4 4 4 4 4 4 4 4 4 13 13 13 13 13 13 15 15 15 15 18 18
 4 16 4 4 4 4 4 4 4 4 4 4 4 4 4 4 4 4 4 16 16 16 16 16 16 16 20 20
 4 4 4 4 4 4 4 4 4 4 4 4 4 21 4 4 4 4 4 4 4 4 4 4 4 4 4 4 4 4 4 4 4 4 4 4 4 4 4 4 4 4 4 4 4 4 4 4 4 4 4 4 4 4 4 16 16 16 16 16 20 16 16 16 19 19 19 19 19 19 20 21 21 21 21 21
 4 17 4 4 4 4 4 4 4 4 4 4 4 4 4 4 4 4 4 4 4 4 4 4 4 17 17 17 17 17 17 17 18 18 21 21
 4 4 4 4 4 4 4 4 4 4 4 4 4 4 4 4 4 4 18 18 18 20
 4 4 4 4 4 4 4 4 4 4 4 4 4 4 4 4 4 4 19 21 19 21 22 22 22 22 22 22 22 22 22 22 22 22 22 23 22 22 22 23 23 23
 4 4 4 17 17 23
 5 5 5 28
 5 5 15
 5 5 5 5 5 5 5 5 5 5 5 5 5 5 5 5 5 14 5 5 15 5 5 5 5 5 14 14 14 14 14 15 15 15
 5 5 5 5 5 5 6 6 6 6 6 6 6 6 6 6 6 6 6 13 6 6 6 13 13
 5 5 5 5 5 5 5 5 5 5 13 5 5 6 6 6 6 6 6 6 6 6 6 6 6 6 6 6 6 6 6 6 6 6 6 6 6 6 6 6 6 6 6 6 6 13 13 13 13 13
 5 5 5 5 5 5 5 5 5 12 5 5 5 5 5 5 5 12 12 12 12 12 12 12
 5 5 5 5 5 5 5 5 5 5 11 5 5 11 11 11 11 11 11 11 11 11 11 11 12 12
 5 5 5 5 5 5 5 5 5 5 5 5 8 8 8 8 18 18 18 18 18 18 21 21 21 21 21 21 25 25 25 25
 5 5 5 5 5 5 5 5 9 9 9 9 9 9 9 9 10 10 17 17 17 17 17 17 17 17 18 18 21 21 23 23 23 23 23 23 23 23 26 26
 5 11 11 11 11 13 27 27 27 27 27 27 27 27 27 27 27 27 27 27 27 27 27 27 27 27 27 27 27 27 27 27 27
 5 5 5 5 5 5 5 5 5 5 5 5 11 11 11 11 11 11 11 11 11 11 11 11 11 11 11 11 11 13 11 11 11 11 11 11 11 12 12 12 12 12 12 12 13 12 13 13 13 13 13 13 13 13 13 13 28 28 28 28 28 28 28 28 28 28 28 28
 5 5 5 5 11 11 11 11 11 11 11 11 13 13 14 14 17 17 17 17 29 29
 5 5 5 5 5 5 11 11 11 11 11 11 11 11 11 11 11 11 13 13 15 13 15 15 15 17 17 17 17 17 17 29 29 29
 5 5 5 5 5 5 5 5 5 5 5 5 12 12 12 12 12 12 12 12 12 12 12 12 12 12 12 12 13 13 13 13 13 13 13 13 13 13 13 13 28 28 28 28 28 28 28 28 28 28 28 28
 5 5 5 5 5 5 5 5 5 5 5 5 5 5 5 5 5 5 5 5 5 5 5 5 12 12 12 12 12 12 12 12 12 12 12 12 12 18 12 12 12 13 13 13 13 13 13 13 13 13 14 13 13 13 14 14 14 14 14 14 14 14 14 14 14 18 18 18 18 18 30 30 30 30
 5 5 5 5 5 5 5 5 5 5 5 5 12 12 12 12 12 12 12 12 13 13 13 13 13 13 15 15 15 15 15 15 15 15 18 18 18 30 30
 5 5 5 22 5 13 13 14 14 18 21 22 22 22 22 22 22 22 22 22 22 22 22 22 22 22 29 29
 5 5 5 5 5 5 5 5 5 5 5 5 5 5 5 5 5 5 5 5 5 5 5 5 13 13 13 13 13 20 13 13 13 13 13 13 13 14 14 14 14 14 14 14 14 14 14 14 14 18 18 18 18 18 18 19 19 19 19 19 19 20 20 20 30 30 30 30
 5 5 5 5 23 5 5 5 5 13 13 13 13 14 14 14 14 17 17 17 17 17 17 17 17 19 19 23 23 23 23 23 23 23 29 29 29 29
 5 5 5 5 5 5 5 5 5 5 5 5 13 13 13 16 13 13 13 14 14 14 14 14 14 16 16 16 16 16 16 16 17 17 17 17 17 17 17 17 17 17 17 17 21 21 21 30 30
 5 5 16 5 5 5 5 21 5 5 5 5 5 5 13 13 13 13 13 13 15 15 15 15 15 15 15 15 16 16 16 16 16 16 16 18 18 18 21 21 29 29 29 29 29 29
 5 5 5 5 19 5 20 5 5 5 5 5 5 5 5 5 5 5 5 5 5 5 5 5 5 5 13 13 13 13 13 13 13 13 13 13 13 13 15 15 15 15 15 15 15 15 15 15 15 15 15 15 15 15 18 18 18 18 18 18 19 19 19 19 19 20 20 20 30 30 30 30
 5 5 5 5 5 5 5 5 5 5 5 5 5 5 5 5 5 5 5 5 5 5 5 5 7 7 7 8 8 8 8 18 18 18 18 18 18 18 18 18 18 18 18 20 20 20 20 21 21 21 21 21 21 24 24
 5 5 5 5 5 5 5 5 5 5 5 5 5 5 5 5 5 5 5 5 5 5 5 5 7 7 7 10 10 10 10 10 10 17 17 17 17 17 17 17 17 17 17 17 17 17 17 17 17 17 17 17 17 17 17 17 17 18 18 18 18 18 18 20 20 20 20 20 20 20 20 24 24
 5 5 5 5 7 18 18 23 23 23 23 23 23 23 23 26
 6 11 6 6 6 6 6 6 6 11 11 11 11 11 12 12
 6 6 6 6 6 6 16 6 6 11 11 11 22 15 15 22 22 22 22 22
 6 6 6 6 6 6 6 6 6 6 6 6 6 6 6 6 11 11 11 16 11 11 11 14 14 14 16 16 16
 6 6 11 11 11
 6 6 6 6 6 6 6 6 6 6 6 6 6 6 6 6 12 12 12 12 12 12 12 12
 6 6 14 6 6 6 6 6 6 6 6 6 6 6 6 6 6 6 6 6 6 6 6 6 6 6 6 6 6 6 6 6 6 12 12 12 19 12 14 14 14 14 14 19 19
 6 6 6 6 6 6 6 6 6 6 6 6 6 6 6 6 6 6 6 6 6 19 6 6 6 6 6 6 6 6 6 6 6 12 12 12 12 15 15 15 15 15 15 15 15 19 19
 6 6 6 6 6 6 6 6 6 6 6 20 6 6 6 6 6 6 6 6 6 6 6 6 6 6 6 6 6 6 6 6 6 14 14 14 23 15 15 15 21 15 21 21 23 23 23 23 23
 6 6 6 6 6 6 6 6 6 6 6 6 6 6 6 6 6 6 6 6 6 6 6 6 6 6 6 6 6 6 6 6 14 14 14 20 14 14 14 20 20 20
 6 6 6 6 6 6 6 21 6 6 6 6 6 6 6 6 6 15 15 15 15 21 21
 7 7 7 12 12 12 12 12 12 12 12 12 12 12 12 12 12 12 12 15 15 15 15 15 15 15 15 15 19 15 15 15 15 15 15 15 19 19 19 19 19 24 24 26 26 26 26 26 26 29 29 29 29 29 29 29 29 29 29 29 29 30 30 30 30
 7 7 7 12 12 12 12 12 12 12 12 12 12 12 12 12 12 12 12 15 15 15 15 15 15 15 15 15 15 15 15 15 15 15 15 19 19 19 19 19 19 24 25 24 25 25 25 25 25 25 25 29 29 29 29 29 29 29 29 29 29 29 29 30 30 30 30
 8 8 8 8 12 12 12 12 12 12 12 12 12 12 12 12 12 12 12 12 14 14 14 14 14 16 14 14 14 14 14 14 14 16 16 16 16 16 16 16 16 16 16 16 16 16 16 16 24 24 24 24 30 30 30 30 30 30 30 30
 8 12 12 12 12 14 14 14 22 22 22 22 22 22 22 22 22 22 22 22 22 22 22 22 22 22 22 22 22 22 22 22 25 25 25 25 30 30
 9 9 9 9 9 9 12 16 12 12 12 14 14 14 16 16 16 24 29 29 29 29 29 29
 10 11 10 10 11 11 11 11 11 11 11 11 11 11 11 11 11 11 11 11 11 11 11 11 11 11 11 14 14 14 14 14 14 19 19 19 26 26 26 26 26 26 30 30 30 30
 10 10 10 11 11 11 11 11 11 11 11 11 11 11 11 11 11 11 11 11 11 11 11 11 11 11 11 14 14 14 14 14 14 19 19 19 24 24 30 30 30 30
 11 12 11 11 11 11 11 11 11 11 11 11 11 11 11 11 11 11 11 11 11 11 11 11 11 12 12 12 12 12 12 12 14 14 14 14 14 14 28 28 28 28 28 28 28 28 28 28 28 28 28 28 28 28 28 28 28 28 28 28 28 28 30 30 30 30
 11 11 11 11 11 11 11 11 11 23 11 11 11 12 12 12 12 20 23 23 23 23 23 29 29 29 29 29 29 30 30
 11 11 11 11 11 11 11 11 11 11 11 11 12 12 12 12 14 14 14 28 28 28 28 28 28 28 28 28 28 28 28 29 29 29 29 29 29
 11 11 11 11 11 11 11 11 11 20 11 11 11 11 11 11 11 11 11 11 11 11 11 11 11 12 12 12 12 12 12 12 12 20 20 20 30 30 30 30 30 30 30 30
 12 12 12 12 15 15 27 27 27 27 27 27 27 27 27 27 27 27 27 27 27 27 27 27 27 27 27 27 27 27 27 27 27 27 27 27 27 27 27 27 27 27 27 27 27 27 27 29 27 27 27 27 27 27 27 27 27 27 27 27 27 27 27 27 27 27 27 27 27 27 27 27 27 27 27 27 27 27 27 27 27 27 27 27 27 27 27 27 28 28 28 29 29
 12 12 12 12 12 12 12 12 12 12 12 12 12 12 12 12 15 15 15 15 15 15 15 15 28 28 28 28 28 28 28 28 28 28 30 28 28 28 28 28 28 28 28 28 28 28 28 28 28 30 30 30
 12 12 12 12 12 12 12 12 12 21 12 12 12 12 12 12 12 21 21 21 21 21 29 29 29 29 29 29 29 29 29 29 29 29 30 30 30 30
 14 14 14 14 14 14 15 15 15 15 24 25 25 28 28 28 28 28 28
 14 14 14 15 14 14 14 14 14 14 14 14 14 15 15 15 15 15 15 15 24 24 26 26 26 28 28 28 28 28 28 28 28 28 28 28 28
