 36 57
 36 37 36 38 37 37 38 37 41 50 75 76
 36 36 39 36 36 38 38 41 39 45 45 52 58 70
 37 39 37 40 37 40 40 40 42 40 40 51 92
 38 39 38 42 38 39 41 41 42 46 46 46 46 46 47 53 53 54 73 94
 39 44 39 42 43 43 48 43 44 44 44 44 44 47 47 48 55 56 56 60 59 60 77 93
 40 43 101
 41 50 56 56 72 72 74
 41 42 41 42 45 45 45 47 45 47 50 50 53 50 51 51 52 52 53 54 55 55 62 63 63 67 67 68 69 94 94
 42 43 43 43 49 48 48 49 51 55 59 51 64 64 80 83 83 90 90 93
 44 49 61 104
 45 48 54 66 71 72
 46 47 46 63 63 64 96
 47 48 48 49 49 49 49 62 62 64 65 65 95 97 98
 50 52 57 57 57 57 57 70 82 75 88 82
 50 51 54 58 51 58 62 68 70 75 85 73 75 75 75 103 103
 52 53 52 63 53 56 56 60 60 60 60 63 68 81 71 83 83 93 95
 52 54 62 58 58 59 58 59 66 66 69 73 74 87 74 74 81 87 99
 53 54 55 54 64 55 59 59 64 65 65 67 68 78 68 78 81 81 96 96 105
 55 56 61 61 61 62 79 82 82 82 83 91 95
 57 58 76 88
 59 60 61 61 61 65 90 91 91 97 108
 62 63 64 66 65 66 65 66 66 99 102 100 103 102 102 102 103 103 105 105
 67 72 77 67 70 79 70 70 71 72 73 72 72 77 79 93 94 94 95 99
 67 69 73 90 67 71 80 69 71 73 77 78 77 78 80 90 90 90 93 96 95 96 97 98 98 105 105 106 106
 68 69 74 84 91 74 81 82 85 88 82 84 88 88 88 91 99 103 103
 68 71 86 81 83 86 83 87 87 97 102 102
 69 70 76 73 76 76 76 85 92 92 92 92
 69 71 78 79 85 78 80 86 79 80 85 85 86 86 86 97 100 99 100 106 106
 74 75 76 89 89
 77 79 79 80 98 98 104 104 107 107 107 107 108 108
 77 80 92 92 101 101 101 101 101 101
 78 84 87 81 84 84 87 91 91 100 100 102
 84 85 89 87 89 88 89 89 89
 84 86
 93 95 97 104 104 104 104 107 107
 93 94 94 98 96
 95 96 100 97 98 99 99 100 105 105 106 106 108 108 108 108
 106 107
