 528 530 528 528 528 528 528 528 528 528 528 529 530 556 564
 528 528 531 532 566
 529 533 529 534 529 529 533 534 533 533 533 533 533 533 538 538 550 553 553 576 576 577 584 584 597 606 688
 529 530 529 530 530 569 530 530 530 534 557 569 569 569 577 578 683 578 578
 529 529 530 537 530 570 530 530 530 530 534 537 534 535 537 537 537 537 558 570 570 570 579 579 580 583 583 645 646 675
 529 535 559 575 575 580 674
 529 531 536 531 531 539 531 531 531 536 539 560 563 581 585 673 693
 529 532 532 532 540 532 532 532 535 540 561 563 582 585 667 692
 530 568 530 530 533 533 568 568 569 576 636
 530 531 541 530 574 531 531 531 536 536 541 703 541 541 541 541 541 541 572 574 582 687 586
 530 532 573 530 532 532 532 535 699 537 537 573 574 574 581 586 679
 531 532 542 542 565 567 567 587 712 587
 533 626 706
 533 533 535 533 533 533 533 533 533 534 534 538 535 538 600 601 618 619 629 631 694 707 707
 533 536 533 536 543 543 543 543 637 643 709 710 710
 534 544 650 666
 534 535 535 538 538 538 538 544 544 544 544 544 605 612 621 623 719 721
 534 534 540 535 535 540 540 540 647 648 661 698 711 718
 534 536 539 536 536 536 539 539 539 545 545 649 665 695 697 720 722
 535 536 704 536 539 539 542 542 542 542 542 542 545 545 545 545 657 659 689 691 705 724 725
 535 540 540 544 544 544 544 544 671 672 684 686 723
 537 538 537 537 540 633 638 713 714 716
 537 539 541 541 541 541 542 700 701 715 717
 538 589 726 733
 538 539 539 543 543 543 543 543 545 543 543 543 545 635 639 728 730 734 748
 538 540 540 634 727 729 749
 539 540 542 542 542 545 545 546 546 546 546 546 546 546 546 546 546 546 546 681 682 731 732 746 750
 544 545 545 743 744
 547 548 547 549 547 548 549 548 588 592 593 765 874 879
 547 547 550 584 589 985
 547 551 590 590 595 766 882
 547 547 552 547 551 594 552 596 588 757 888 888 889
 547 553 597 589 763 757 763 763 763 763 763
 547 554 547 591 590 594 590 591 598 591 591 764 898
 548 619 548 550 626 594 626 627 627 782 972 972
 548 551 548 552 548 552 592 594 609 776 895 914
 548 551 602 627 627 907 921
 548 553 618 626 626 776 907
 548 554 548 620 628 628 971
 549 621 549 550 629 550 559 559 559 559 596 607 789 942
 549 551 622 549 551 571 552 552 571 603 615 617 622 900 901 923 925
 549 549 552 551 630 551 552 571 571 603 610 611 630 912 913 922 927
 549 623 553 631 553 575 575 575 575 915 916
 549 554 549 624 554 562 562 562 562 608 609 632 968 975
 549 625 833
 550 556 556 556 556 576 577 576 597 614 726 726 811
 550 551 636 551 557 557 592 601 636 607 627 627 627 627 627 627 636 636 646 775 845 846
 550 551 638 551 558 558 594 601 602 638 647 652 800 906 926
 550 552 550 552 552 552 557 557 558 558 593 594 596 594 606 607 612 645 645 650 650 773 783 856 856 938
 550 554 561 561 561 561 598 618 634 640 640 648 653 653 801 897 1015
 550 637 554 560 560 560 560 595 602 639 649 652 802 904 1014
 551 568 568 660 907
 551 552 551 552 557 558 557 558 568 568 568 568 568 568 568 568 568 568 568 568 568 568 568 568 568 568 568 568 568 568 568 568 599 599 664 664 688 694 845 893
 551 553 569 569 569 569 579 600
 551 570 553 570 570 570 600 633 633 661 776 777 921
 551 554 551 641 557 557 588 590 590 590 590 590 590 604 641 608 641 641 662 758 785 887
 551 551 642 554 558 558 594 595 604 642 652 663 912 915 924
 552 553 552 553 569 569 569 570 569 570 570 570 577 583 583 583 583 594 597 605 619 666 666 775
 552 554 552 552 552 554 557 557 558 558 593 594 594 608 609 613 616 654 654 677 677 774 784 937 957
 552 568 568 614 972
 553 553 643 554 563 563 563 563 619 634 635 648 665 916 917 922
 554 644 555 555 555 555 620 644 976 644 644 651 651 973 976 1017 1017
 555 557 555 564 564 564 613 641 641 641 641 680 680 753 754 824
 555 558 555 564 564 564 654 656 662 820 825 829
 555 560 555 561 682 565 565 565 565 565 565 657 658 668 1022 1031
 555 562 655 1021
 555 563 567 567 567 567 567 567 659 681 1023 1046
 556 557 564 556 564 564 606 636 636 636 636 683 683 791 791 808 811
 556 558 556 564 564 564 645 646 674 805 821 821 826 826
 556 559 675 805
 556 566 556 560 561 566 566 566 566 566 667 673 679 687 828 1032 1032
 557 568 564 568 564 564 568 568 568 568 614 688 808
 557 559 558 559 559 559 571 571 611 630 678 692 698 698 699 699 699 859 864 958
 557 560 558 560 572 572 572 610 622 669 691 697 701 701 701 863 868 960
 557 561 558 561 573 573 573 573 573 573 612 638 638 654 656 663 686 686 860 865 959
 557 562 558 562 562 562 571 571 617 622 669 690 696 696 702 702 702 861 866 955
 557 563 563 570 570 570 574 570 574 574 574 574 574 605 633 633 684 684 689 695 700 700 700 795 796 954
 557 558 560 560 572 572 572 615 630 678 693 697 703 703 703 862 867 862 956
 557 573 558 561 561 573 573 573 573 573 616 642 642 645 647 674 685 685 803 859 953
 558 568 568 568 568 568 573 568 573 573 660 694 979
 558 563 563 569 569 569 574 569 574 574 574 574 574 580 581 586 583 583 586 586 630 631 661 695 984
 559 560 562 670 704 1034
 559 561 562 671 676 1033
 562 563 575 575 672 705 1035
 564 565 564 565 565 565 572 573 573 690 702 691 701 822 827
 564 566 564 573 566 566 566 572 573 692 693 699 703 823 828 823
 564 567 574 567 567 567 574 689 700 812 813
 565 566 712 1049 1049
 568 568 706 706
 568 568 570 568 568 569 569 570 576 626 627 707
 568 571 568 568 568 571 708 980
 568 568 568 572 568 568 568 571 572 572 708 709 709 978
 568 568 574 568 570 574 574 707 710 710 792
 569 575 569 570 571 570 575 575 575 582 586 586 586 642 643 711 711 804
 576 578 576 579 576 576 577 578 579 578 578 578 578 607 629 664 666 675 675 719
 576 576 580 576 576 577 580 599 600 605 599 600 606 607 631 646 683 683 683 683 707 707 707 707 719 719 796 796 846 944
 576 626 636 627 636 706 706 706 706 706 707 706 706 706 792 792
 576 576 579 579 714 600 602 618 660 660 661 679 679 707 707 714 714 714 777 982 982
 576 581 576 581 601 602 619 646 694 695 710 710 710 710 710 710 710 710 730 730 777 981
 576 582 576 582 637 640 640 643 687 687 707 707 708 711 711 729 729 729 729 804 804 983 983
 577 579 596 597 597 621 666 666 675 675 783 1063 1063 1063 1063 1063 1063
 577 584 584 592 600 594 636 618 636 626 626 629 626 626 626 626 636 636 645 645 893 944
 577 580 580 584 584 584 584 593 605 596 606 619 621 619 623 629 646 650 650 848 938 1062 1062
 577 579 579 580 713 580 611 631 648 652 661 667 667 679 679 711 711 713 718 953 1000 1054
 577 585 581 581 585 616 643 643 646 648 647 652 674 674 695 720 720 728 728 958 1000 1053
 577 582 582 585 585 615 631 649 653 653 665 661 673 673 687 687 718 727 727 956 1055 1060 1060
 578 580 578 581 578 582 685 678 718 720
 579 581 579 582 715 581 582 605 610 623 663 665 695 713 713 715 715 715 723 724 951 1054 1005
 580 581 716 585 656 659 670 672 689 716 716 716 721 721 724 1027 1076
 580 582 717 585 669 672 676 684 684 705 717 722 722 723 1038 1088
 581 582 587 587 725 587 587 731 587 587 658 659 689 690 705 717 717 731 1042 1082
 583 584 583 594 633 618 633 648 905 1011
 583 585 583 586 586 586 622 623 633 633 654 659 665 672 700 700 700 974 1010
 584 585 584 585 595 598 635 601 634 637 647 649 899 1072
 585 587 587 732 587 668 681 725 732 1104 1106
 586 587 700 702 705 977
 588 599 588 593 614 599 614 625 752 752 754 754 773 786 786 825 842
 588 589 600 589 605 589 619 621 757 757 762 762 775 783 889 1066 1066
 588 590 590 622 590 770 590 590 590 594 595 608 622 759 759 778 770 787 886 1020
 588 602 610 760 760 779 788 885 1065
 588 603 588 609 617 761 761 780 790 890 1067
 588 589 765 589 589 601 618 612 623 762 762 782 765 789 881 991
 588 591 604 591 613 591 620 591 624 591 591 591 591 591 591 591 591 758 776 770 770 776 784 891 998
 589 590 633 764 590 768 633 634 768 768 768 801 992
 589 634 590 638 590 771 638 764 771 802 993
 589 591 635 766 591 639 591 591 766 771 771 800 884
 590 769 806
 590 591 641 591 644 641 644 769 769 769 769 769 770 769 769 769 988
 592 593 599 592 599 614 614 625 773 774 791 791 791 791 807 814 826 826
 592 595 793 615 778 793 793 793 894 967
 592 594 792 602 627 607 627 627 627 627 627 630 630 777 779 779 792 792 792 893 954 981
 592 603 592 596 794 611 780 781 794 794 794 896 966
 592 597 601 626 606 626 626 626 626 626 631 776 792 776 782 792 792 792 795 795 845 944
 592 598 604 616 628 628 632 628 628 628 628 892
 593 608 595 595 603 609 617 615 669 669 787 797 797 876 931 940 967 1061 1061 1071
 593 609 594 630 594 594 594 596 622 622 630 652 780 917 781 918 784 795 795 997 1006
 593 610 596 602 602 603 607 611 678 678 788 788 951 799 799 875 908 981 1064 1064 1068
 593 612 597 631 597 606 618 618 623 674 674 774 789 796 796 847 916 950 916 944 950 1062 1062
 593 598 613 598 616 620 624 620 632 656 656 774 785 870 914 914 941 957 986 986 1084 1084
 593 617 596 609 610 611 615 652 790 790 952 798 798 877 939 966 1001 1006
 594 776 1003
 594 597 619 638 638 645 645 648 776 781 776 777 914 800 1000
 594 598 641 620 641 641 641 651 651 654 654 764 765 770 764 764 765 770 880 975 986 986
 594 642 598 620 642 653 653 654 654 776 900 776 778 916 917 999
 595 596 660 803 595 664 599 599 608 652 660 660 660 664 670 670 785 803 847 849 908 924 948 948 959
 595 597 661 804 600 634 667 667 801 804 913 916 951 1060 1060
 595 662 598 644 668 806 604 644 644 644 668 778 806 928 1012 806 806 806 806 806 806 902 928 1020
 596 598 598 676 616 624 653 653 663 676 677 677 781 903 787 950 950 997 1003 1001 1003 1003 1003 1097
 596 805 607 614 614 625 664 664 783 786 786 805 811 817 942
 597 643 598 673 639 665 673 777 901 802 916 952 1000
 599 601 606 599 612 601 674 674 688 688 694 694 721 721 774 841 841 846 847 848 915 915 938 942
 599 602 607 599 609 602 652 660 660 660 660 664 664 670 670 843 843 846 851 865 865 910 926 943 943 953
 599 603 610 599 611 664 664 678 678 708 708 740 740 850 864 854 868 864 868 946 947 947 956 958
 599 604 613 599 616 604 656 656 688 688 694 694 741 741 773 785 841 841 843 843 844 906 906 945 957
 599 614 706 706 706 706 706 706 706 706 706 706 706 706 808 808 845
 599 615 599 617 603 664 664 669 669 708 708 740 740 852 866 853 867 866 867 946 955 949 949 960
 600 603 600 623 631 984 666 666 711 711 718 723 917 924 974 974 984 1000 1005 1060 1060 1070
 600 604 635 643 695 724 775 801 915 927 953 1070
 601 601 603 621 629 981 650 650 698 698 718 723 781 1005 919 932 1006 1064 1064 1073 1073
 601 604 637 639 697 725 778 779 779 929 1013 920 1004
 602 604 620 640 640 658 658 663 782 1014 802 911 929 1069
 603 604 604 624 632 677 677 696 696 739 739 742 742 780 930 787 930 933 995 1001 1071 1075 1075
 603 625 740 816 816 835 1074
 605 608 634 621 634 648 661 671 671 684 684 684 684 950 1053 950 962 997 1010 1068 1070 1092
 605 609 618 618 629 648 661 666 666 671 671 781 910 1000 944 974 974 1003 1003 1003 1011 1003 1011 1073 1073
 605 613 635 635 659 659 689 689 695 728 728 744 744 847 848 905 905 905 910 918 905 962 1002 1002 1094
 605 614 707 707 726 726 775 782 811 813 813
 605 617 623 977 661 672 672 711 711 723 727 727 952 1055 977 977 977 999 1010 1069 1070 1082
 606 611 629 982 646 675 675 698 698 713 713 718 777 781 926 777 1011 799 799 851 982 1011 1054
 606 614 733 688 733 752 752 757 757 811 985 985
 606 615 629 983 647 667 667 692 692 718 727 727 798 798 854 917 951 983 1015 1055 1072
 606 616 734 637 637 673 673 693 693 697 722 722 734 797 797 852 917 952 981 1014 1053 1072
 607 611 943 1050 982 1073
 607 615 652 678 678 947 1051 983 1005 1013
 607 616 632 640 640 640 640 653 653 663 676 676 685 685 685 685 944 946 1000 1013 1052 1053 1070 1072
 608 610 652 669 669 961 1056 995 1004 1089
 608 612 623 634 986 634 647 648 672 672 686 686 686 686 962 986 996 999 1052 1069 1078 1097
 608 613 644 624 644 644 988 644 644 644 644 644 651 651 655 655 662 680 680 680 680 869 869 870 880 880 934 988 988 988 994 994 998 1091 1091
 608 614 609 614 625 664 664 814 818 824 829 829 937 945
 608 617 963 1057 1075
 609 612 619 619 631 647 648 650 650 672 672 917 932 954 957 1002 1002 1003 1003 1003 1006 1003 1070
 609 613 620 620 632 651 651 655 655 662 677 677 870 874 874 898 898 934 968 975 998 1084 1084
 610 612 621 646 679 679 692 692 713 713 723 951 964 954 959 966 964 1010 1050 1050 1076
 610 613 735 624 658 658 663 690 690 735 735 735 742 742 873 877 918 940 961 1008 1008 1093 1101
 610 614 736 614 617 660 660 708 736 819 827 827 909 925 911 927
 610 617 611 615 625 625 670 670 736 736 736 736 740 740 815 815 834 1016 1040 1058 1058 1074 1095 1102
 611 614 614 615 660 660 708 736 736 819 828 828 897 901 904 913
 611 616 632 663 676 676 696 696 735 735 735 735 739 739 965 966 995 997 1056 1056 1071 1081 1081 1097
 612 613 639 639 657 657 691 691 697 734 734 743 743 871 875 918 931 939 1009 1009 1077 1101
 612 614 694 733 733 817 825 881 889
 612 617 621 647 671 671 698 698 723 727 727 952 970 970 996 997 1051 1068 1079 1097
 613 614 737 688 737 807 824 855 855 895 895
 613 617 738 624 655 655 662 696 696 738 742 738 738 742 872 876 886 890 886 963 1007 1085 1100 1100
 614 616 694 737 737 818 826 826 906 914
 615 616 632 662 668 668 690 690 738 738 738 738 739 739 967 969 1012 1020 1057 1057 1067 1067 1080 1080 1099 1099
 618 620 635 637 657 657 665 778 782 1015 801 909 999
 619 620 639 643 649 659 659 915 921 923 924 921 929 1069
 621 622 638 638 645 667 671 699 699 699 795 799 860 966 1005 1027
 621 624 639 639 649 704 704 724 728 728 744 744 847 851 871 910 939 948 948 996 1127
 621 625 629 719 726 719 726 726 726 783 789 805 805 811 817 1059 1059
 622 624 641 641 641 641 654 655 668 702 702 702 759 761 931 759 772 772 772 772 963 1030
 622 625 630 670 812 812 812 816 820 1023 1040
 623 624 635 635 665 705 705 725 734 734 743 743 931 932 962 996 1002 1002 1101 1126 1132 1132 1132 1132
 623 625 631 721 721 733 733 733 733 813 813 825 991 1046 1046 1059 1059 1066 1066
 624 625 632 737 741 737 737 737 741 814 818 831 941 945 1110 1110
 626 628 637 626 627 628 640 627 628 642 628 643 640 642 980
 627 706 710
 629 630 636 636 636 636 645 675 679 699 699 699 792 794 792 792 792 794 794 794 979 979 981 982 982 984
 629 632 637 637 649 704 704 720 728 720 724 728 803 803 846 850 924 953 1013 1015 1052
 630 632 642 642 654 658 676 702 702 702 795 797 861 952 1004 1035
 631 632 643 643 665 705 705 722 722 725 734 734 954 955 999 1004 1035 1035 1052 1069 1070
 633 635 641 641 681 700 700 700 759 762 768 768 768 768 768 768 962 1047
 634 635 644 639 644 644 989 644 681 681 682 682 928 929 928 989 989 989 1018 1019 1128
 636 637 642 636 687 703 703 703 792 793 792 793 793 793 804 978 983 983
 638 639 641 641 682 701 701 701 759 760 767 767 961 1048
 645 649 654 657 673 701 701 701 703 703 703 795 798 863 951 967 1038
 646 647 660 660 688 694 716 716 716 716 851 905 905 914 906 921 921 953
 646 649 663 687 687 693 693 697 717 717 717 717 725 954 960 967 1005 1010 1044 1044 1051 1088
 646 650 664 683 683 688 688 721 773 775 783 775 848
 647 649 662 682 682 691 691 697 725 732 732 732 732 1004 1019 1020 1041 1065 1065 1087 1089 1089 1099 1099
 647 650 664 686 686 694 694 721 910 919 924 957
 648 649 651 657 651 659 657 659 665 681 681 682 682 991 992 992 1019 1020 1069 1078 1096 1096 1102
 649 650 677 697 722 743 1006 1045 1045 1061 1061 1068
 651 656 651 658 652 653 653 656 658 662 663 668 668 991 993 993 999 1012 1016 1018 1078 1086 1086
 655 656 668 669 680 680 690 742 742 1024 1029 1030 1048 1048 1077 1085
 655 657 671 682 704 744 744 746 746 1028 1039 1083 1103 1133 1135 1135
 655 658 668 670 676 741 741 745 745 745 745 1029 1039 1083 1103 1115 1124
 655 659 672 681 705 732 732 743 743 1030 1047 1047 1098 1098 1103 1105 1105 1105 1105 1105 1105 1126
 656 657 673 674 691 693 725 1026 1026 1027 1034 1035 1076 1080 1080
 656 658 678 676 685 685 690 739 739 1025 1025 1027 1036 1038 1079 1087
 657 658 679 687 712 712 712 715 715 724 813 815 1109 813 827 977 977 1082 1109
 660 662 660 663 688 694 745 745 745 745 849 881 882 882 885 885 889 959
 660 664 706 706 706 706 706 706 706 706 706 706 706 706 893 979 979
 661 662 665 681 695 746 681 689 689 724 746 746 746 991 992 992 1010 1040 1065 1065 1066 1066 1076 1092
 661 664 666 684 684 707 707 707 707 719 944 954 981 984 984
 662 664 677 680 688 680 688 741 842 844 887 937 887
 663 664 677 685 685 694 694 741 908 919 926 938
 665 666 677 695 720 744 1006 1011 1011 1062 1062 1068
 667 668 673 682 712 712 712 724 746 746 1031 1046 1046 1082 1095 1104 1104 1108 1108
 667 669 674 671 686 686 692 723 1033 1035 1037 1037 1038 1081 1081 1088
 667 670 675 671 679 714 719 714 714 714 719 796 799 865 974 1050 1050 1054
 669 670 678 740 1036 1042 1090
 673 675 676 687 704 715 720 715 720 796 798 868 974 1051 1054
 674 675 678 679 683 683 692 718 803 804 804 864 984 1053 1054
 680 681 684 689 744 1039 1047 1047 1094
 680 686 691 682 743 1028 1030 1093
 683 685 687 693 722 867 984 1055
 688 694 706 706 706 706 706 706 706 706 706 706 706 706 706 706 706 706 845 893 907 907 972 972
 688 689 695 689 707 707 710 710 710 710 710 710 710 710 730 730 775 779 779 782 846 921 921 954
 688 690 696 690 694 696 747 708 747 747 747 853 911 920 925 923 960
 688 691 697 691 694 709 709 709 709 748 748 850 909 920 923 927 955
 688 692 698 692 694 698 749 708 749 749 749 854 897 899 913 922 956
 688 693 693 694 697 748 709 709 709 709 748 852 899 901 904 922 958
 690 691 692 693 704 712 712 712 750 750 1022 1023 1023 1042 1043 1043 1095 1106 1106
 695 696 705 705 711 731 731 1004 1010 1069 1088
 696 697 750 698 704 704 750 1040 1041 1090 1102
 699 703 704 701 702 712 812 815 812 822 1042
 706 708 706 706 706 706 706 706 706 978 978 980
 706 709 706 980
 713 714 726 714 729 726 727 729 736 801 1032 802 1032 1109
 713 716 727 716 733 733 736 749 749 992 993 1108 1108 1109
 713 715 717 728 715 731 717 734 1129 735 735 750 961 962 964 1037 1037 1123 1123 1123 1123
 714 715 730 745 746 760 762 964
 716 717 732 745 748 1047 1048 1129
 718 719 719 723 729 729 729 729 740 1051 1052 1053 1055
 718 721 721 723 740 749 749 749 749 1078 1079 1082 1092
 718 720 722 720 725 731 722 724 731 739 739 750 750 1076 1078 1087 1088 1089 1089 1090 1092 1096 1096
 719 720 724 730 730 730 730 741 744 848 851 875 932
 721 722 725 741 743 748 748 748 748 1077 1094 1126 1127
 723 724 725 731 731 742 742 743 743 744 744 750 750 1083 1093 1094 1098 1098 1126 1129 1129 1133 1134 1134
 726 728 730 737 800 821 836 821
 727 728 731 732 732 734 738 738 746 746 750 1018 1026 1019 1026 1044 1122 1122 1130
 729 730 731 747 929 1044
 733 734 737 748 836 884 1107 1107
 735 736 737 735 738 737 738 745 745 747 747 838 935 936 1111
 736 1112 1125
 739 740 741 739 742 741 742 747 747 747 747 1114 1116 1117 1118
 740 1119
 747 748 750 749 1128 1130
 751 752 751 751 791 808
 751 753 751 754 751 751 751 751 807 808
 751 755 751 756 751 809 810
 752 753 759 759 795 812 812 814 812 847 1039 1046
 752 754 762 762 796 813 817 848 1039 1046
 752 752 753 753 758 758 774 807 808 808 814 825 841 841 842 845 845
 752 755 752 755 819 755 760 760 761 798 799 815 851 854 1108 1108 1124 1135 1135
 752 756 756 756 761 797 816 818 852 1107 1107 1124
 753 769 753 758 769 769 769 769 769 769 769 769 769 769 769 830 830 869 976
 753 820 753 754 824 754 770 770 770 770 784 785 820 831 870 994 1017 994 1017
 753 755 822 753 755 832 755 767 767 767 767 772 772 772 772 822 832 822 860 863 871 873 1024 1028 1031
 753 756 772 756 756 772 861 772 772 820 831 872 1021 1029
 754 825 754 765 765 774 833 869 874 976 976
 754 755 827 754 755 834 755 760 761 760 865 868 875 877 1028 1029 1031
 754 756 829 756 835 756 761 866 876 1021 1024
 755 756 839 756 878 1136 1136 1140 1140 1140
 755 840 837 1136 1137 1137 1137
 757 758 757 759 916 759 764 764 764 774 776 795 776 795 874 915 950 950 991
 757 915 758 766 766 766 845 847 879 881 907 907 907
 757 760 760 765 777 882 992 913 921 951
 757 761 917 757 761 922 765 765 781 884 993 898 901 914 952
 758 759 759 928 764 766 766 769 769 769 769 769 769 769 769 769 769 769 769 769 769 769 769 869 928
 758 760 760 929 767 767 767 767 770 770 800 802 863 873 863 936 961 1019
 758 761 758 761 930 770 770 770 772 770 772 772 772 772 772 772 772 784 787 861 872 861 870 900 900 930 934 963 975 1007 1012
 758 762 762 770 770 771 771 771 771 771 771 800 801 860 871 860 929 935 962 1018
 761 762 932 762 970 974 977 1103 1104
 763 764 763 763 765 763 763 766 763 776 916
 764 769 769 976
 765 766 766 766 770 770 776 778 880 900 883 883 931
 767 769 767 769 769 769 771 987 987 989
 768 769 768 769 771 989
 769
 769 769 769 769 772 769 769 770 772 806 988 990 990
 773 776 784 776 845 855 855 893 906 895 895 914 945 957 972 972 972 972 972 972
 773 786 807 808 808 826 841 845 845
 773 778 787 778 781 803 803 847 870 857 897 897 937 946 959 1006 1040 1078 1083
 773 779 779 779 780 779 844 846 851 875 927 958 927 942 943 943 981 1006 1040 1076 1094
 773 780 788 788 854 857 864 864 877 925 926 925 942 947 947 966 1064 1064 1074 1079 1117
 773 782 789 782 842 846 848 874 874 889 938 889 942 944 985 985 985 985 991 1039 1039 1062 1062 1066 1066
 773 790 780 790 852 858 867 858 867 876 904 908 904 937 960 967 1061 1061 1074 1077 1118
 774 777 796 777 783 785 801 796 801 865 875 865 917 953 954 962 997 1040 1053 1076
 774 797 778 780 931 778 1016 785 797 870 872 901 901 955 963 975 1001 1077 1080 1080
 774 781 798 798 866 876 866 873 913 924 913 952 961 967 975 1071 1078 1081 1081 1102
 774 799 781 783 787 802 799 802 868 877 868 871 951 956 966 1053 1068 1074 1079
 775 776 800 893 895 905 905 907 907 910 907 921
 775 778 802 777 925 1010 804 804 915 929 956 1005 1082
 775 780 922 775 789 922 932 937 938 954 958 984 984 1010 1011 1011 1068 1073 1073 1092 1094
 776 779 776 782 800 855 856 918 1002
 776 780 776 784 874 886 888 912 888 890 888 888 891 898 900 1001
 780 782 932 782 783 914 918 926 914 938 944 945 981 997 1000 1003 1003 1003 1003 1027 1027 1070
 780 786 787 786 814 816 816 818 831 835 908 946 1117
 781 805 805 811 816 816 818 826 826 836 836 926 958 981 1053
 783 784 800 800 845 848 845 851 860 860 893 910 979 893 896 919 896 924 945 979 948 948 953 979 979
 783 788 788 789 964 846 849 864 864 913 913 964 966 981 982 982 1005 1040 1050 1050 1054 1092
 783 790 789 790 970 901 903 926 901 958 970 1005 1006 1051 1055 1064 1064 1073 1073 1074 1127
 784 786 785 786 807 808 808 818 820 820 824 843 843 844 893 893
 784 788 856 858 862 862 863 877 863 940 1009 1014 1045
 784 789 800 800 856 857 859 856 859 860 875 860 900 903 900 932 939 941 996 1013 1015
 784 790 861 876 861 912 912 933 968 995 1008
 785 787 806 806 806 806 806 806 806 806 869 882 882 886 887 898 902 988 988 1012 1029 1029
 785 788 787 788 961 868 873 868 926 960 995 1013 1014 1036 1036 1041 1056 1056 1087 1116
 785 789 802 802 1034 865 871 865 926 959 975 996 1014 1015 1016 1034 1052 1086 1086 1115
 785 790 787 790 963 866 872 866 925 925 937 940 968 969 995 1016 1057 1057 1085 1114
 786 788 786 790 788 790 819 834 943 943 947 947 1058 1142 1143
 786 789 817 833 833 942 1059 1141 1141 1141
 787 789 962 801 801 1033 974 975 974 1010 1011 1011 1015 1033 1052 1072 1096 1096 1097 1102 1133
 791 792 795 791 796 792 792 792 808 811 812 812 812 813 846
 791 797 791 798 793 793 794 803 793 793 794 810 815 828 867
 791 799 794 794 805 809 816 864
 796 797 804 984 804 866 974 977 977 1035 1038 1042 1052 1055 1088
 797 798 803 827 829 839 829 867 1022 1025 1025 1026 1026 1057 1057 1089 1089 1095
 797 799 803 864 878 865 866 878 1033 1036 1037 1037 1051 1056 1056 1090
 798 799 805 805 828 837 837 865 868 1032 1032 1033 1034 1050 1050 1051 1058 1058
 801 802 806 1031 806 806 806 976 976 989 989 992 993 1031 1125 1125
 803 805 808 809 821 809 818 821 851 859 979 979
 807 808 808 811 814 817 821 821 821 821 846 847 848 856 856 893 893
 807 809 809 809 836 809 817 831 835 836 850 857 871 875 896 896
 807 814 830 830 830 830 833 842 869 874 879 879
 807 818 831 844 870 892 892
 807 807 810 810 810 810 819 832 832 834 838 838 849 853 857 858 858 872 873 876 877 894 894 894 896 894 896
 808 809 809 817 820 829 849 860 865 979 979
 808 810 808 810 819 823 823 823 823 823 823 828 852 854 859 862 862 864 867 978 978 979 979
 808 808 810 810 819 822 822 822 827 850 853 861 863 866 868 978 979 978 979
 809 837 809 810 837 839 878 878
 810 839 840 840
 811 814 826 938 944 950 1059
 811 815 811 815 819 828 828 951 952 953 956 982 982 983 983 1014 1032 1015 1032 1032 1032 1054 1055 1109 1109
 813 814 813 817 824 836 836 910 918 954 962 1023 1023 1094
 813 816 829 974 984 1023 1027 1059 1059 1092
 814 815 814 815 819 832 832 838 838 939 940 948 948 949 949 961 963 966 967 1083 1095 1118
 815 816 816 839 864 867 866 868 1034 1036 1043 1043 1058 1058 1090 1119 1119
 815 1112 827 840 828 840 1022 1049 1049 1049 1049 1049 1049 1095 1112 1112 1112
 817 819 834 817 837 837 837 837 851 854 875 877 964 964 970 970 1050 1050 1051 1095 1109 1109 1115 1133
 817 835 818 836 836 903 919 932 1052 1059 1059 1110 1110 1127
 818 818 819 839 838 838 839 849 853 876 877 965 969 1056 1056 1057 1058 1057 1058 1111 1111 1115 1116
 819 840 834 840 840 840 1058 1112 1112 1112 1112 1139
 820 833 820 835 900 902 912 973 1016
 820 822 834 820 822 822 839 859 862 861 863 862 969 1022 1034 1036 1041
 821 823 837 821 823 838 823 860 863 964 1026 1032 1037 1044
 822 840 823 1043 1049
 824 825 957 986 998 1017 1110
 824 830 988 830 830 831 830 887 891 973 934 988
 824 831 825 835 890 931 955 1007 1021 1021 1077 1107 1107 1107 1107
 824 827 832 824 827 832 834 939 940 959 960 961 963 1008 1022 1008 1009 1009 1022 1085 1093 1111 1111
 824 829 829 831 833 833 937 941 973 968 973 975 1091 1091 1110 1110
 825 833 915 916 928 928 976 976 991 1046 1046
 825 827 834 825 827 951 952 953 956 1012 1031 1019 1031 1065 1065 1067 1067 1076 1079 1095 1108 1108 1108 1108
 825 829 835 829 917 924 1017 1018 1017 1023 1020 1023 1046 1046 1078
 826 828 838 826 828 838 959 960 966 967 1058 1080 1081
 830 832 830 990 935 936 987 987 990 990 990 1125
 831 832 831 832 839 834 839 857 858 858 872 873 965 969 1111 1111 1115 1116 1120 1120 1121 1121 1121 1121 1139 1139
 831 835 930 933 1110 1114 1138 1138 1138 1138 1138
 832 840 838 840 1113 1111 1112 1113 1113 1113 1113 1113 1113 1113 1113 1113 1113 1113
 833 834 833 901 902 925 913 927 1040 1074 1095 1125 1125 1125 1125 1128
 833 835 922 923 973 1023 1023 1102 1128
 834 835 839 835 839 850 853 852 854 969 1041 1043 1043 1043 1043 1090 1095 1119 1119 1130 1130 1139 1139 1144 1144
 836 837 838 836 837 871 873 964 1043 1043 1044 1109 1111 1122 1122 1123 1123 1123 1123 1129 1130
 841 842 847 869 869 881 881 928 928 950 991 1039 1039 1141 1141 1141
 841 844 852 872 920 920 930 1077 1080 1117 1142
 841 849 841 850 848 851 870 871 899 899 919 929 929 1053 1076 1078 1083 1094 1117
 841 853 854 873 919 930 1079 1081 1118 1143
 842 843 843 844 885 885 885 890 908 885 911 911 934 946 1001 1012 1016 1029 1029 1117 1124 1124 1142 1142
 842 844 855 855 855 855 891 941 891 945 994 998 1084
 842 845 856 856 879 881 893 879 888 888 972 888 888 889 938 942 972 972 972 972 972 985 985
 842 849 857 886 886 918 935 948 935 945 948 994 1018 994 997 1020 1039 1040 1039 1083 1117
 842 850 857 890 939 909 910 909 934 1019 1028 1028 1065 1065 1068 1094 1102 1135 1135 1135 1135 1143 1143
 842 853 858 858 890 936 949 936 940 945 949 1007 1024 1024 1067 1067 1071 1074 1117 1118 1124 1124
 843 845 895 906 907 907 907
 843 849 843 850 904 942 904 908 943 939 943 968 1013 1014 1016 1034 1034 1115 1127 1142 1142
 843 853 908 940 947 947 995 1036 1036 1116 1145 1145
 844 845 845 849 859 856 856 859 893 896 908 893 896 912 912 919 926 937 942 943 943 959 979 979 979 979
 844 849 857 902 903 902 1086 1091 1115 1141 1141 1141 1142
 844 850 857 919 933 920 920 933 965 1041 1045 1045 1087 1093 1114 1127 1143 1143 1145 1145 1145 1145
 844 853 858 858 933 969 1085 1116 1142 1142
 845 850 859 859 892 893 897 892 899 912 927 946 958 980 980 980
 845 852 861 861 892 900 892 901 893 911 980 920 946 955 980 980
 845 853 862 862 862 862 893 894 904 894 912 920 925 947 947 960 978 978
 845 854 863 863 893 909 978 894 894 913 899 900 949 949 956 978
 846 853 867 867 924 956 967 981 983 983 1004 1013 1014 1042 1042 1044 1044 1051 1082 1088
 847 852 872 909 909 931 941 945 952 963 1004 1009 1009 1026 1026 1026 1026 1040 1083 1115 1126
 847 854 873 910 931 961 940 949 949 951 996 1005 1037 1037 1037 1037 1042 1042 1082 1133 1134 1134
 848 852 876 899 903 899 919 932 970 970 1044 1044 1045 1045 1055 1088 1092 1118 1126 1134 1134
 848 854 877 932 964 964 1054 1082 1083
 849 850 878 851 852 875 876 878 878 878 965 1041 1044 1044 1051 1089 1089 1090 1116 1129 1129 1133
 855 857 855 881 883 909 883 920 883 884 883 891 935 1007 1009 1009 1101
 855 858 885 891 911 936 1008 1008 1100
 857 878 871 872 878 1120 970 1041 1120 1122 1122 1133 1144
 859 878 860 861 965 970 1025 1033
 869 871 884 935 962 988 988 989 989 989 989 992 1019 1028 1028 1047 1047 1128
 869 872 880 883 902 883 883 883 886 891 963 988 988 990 990 990 990 990 990 990 990 990 990 990 990 990 990 990 990 994 994 1007
 869 873 884 936 961 987 987 987 987 987 987 987 987 988 988 993 1018 1024 1024 1048 1048 1128
 870 871 875 903 929 930 929 930 932 965 1041 1045 1045 1052 1087 1093 1096 1096 1098 1098 1114
 870 872 876 902 902 933 1057 1085 1091 1091 1121 1121
 870 873 877 903 969 1056 1085 1086 1086 1120
 874 875 887 889 921 921 927 922 954 992 1047 1047 1065 1065 1068
 874 876 880 882 901 882 914 923 936 967 1020 1048 1048 1071
 874 877 886 889 913 914 925 935 966 993 997 1067 1067
 879 880 892 879 895 887 971 891 892 895 898 934 937 971 941 968 971 971 971 971
 879 882 885 893 885 888 907 887 888 907 908 907 912
 879 883 882 883 925 886 894 894 895 936 940
 879 884 879 889 891 927 890 896 895 918 895 896 923 935 939
 880 881 897 887 906 911 935 959 993 1012 1097 1115
 880 898 973 975 976 988 976 988 1017 1017 1021 1021
 880 899 881 905 886 905 909 992 1010 996 1019 1047 1047 1133
 880 884 903 880 884 918 941 991 999 998 1004 1007 1018 1030 1030 1077 1101 1126 1132 1132 1132 1132
 881 884 910 881 884 890 919 945 996 998 1002 1002 1018 1066 1070 1066 1069 1094 1103 1103 1127
 882 884 926 882 898 899 904 906 985 985 993 1014 1072 1124 1124
 885 886 904 885 887 906 920 936 960 995 1048 1048 1099 1099 1116
 887 890 923 887 923 933 934 955 957 968 1020 1030 1030 1061 1061 1075 1075 1077 1099 1099 1100 1100 1114
 889 890 924 889 898 903 918 898 937 957 991 1003 998 1003 999 1003 1003 1006 1020 1097 1103 1103
 890 891 933 891 934 998 1007 1075 1100 1100 1131 1131 1131 1131 1131 1131 1131 1131 1131 1131 1131 1131 1131 1131 1131 1131 1131 1131 1131 1131 1131 1131 1131 1131
 892 902 894 969
 892 903 892 896 933 965
 897 898 905 985 992 1011 1015 1135 1135
 897 900 907 907 909 922 971 971 972 972 980
 897 902 909 904 911 973 973 1016 1022 1022 1102 1125 1125 1125 1125 1128 1139 1139
 897 903 910 897 942 946 968 1001 1013 1015 1033 1033 1068 1073 1073 1092 1102 1133 1143 1143
 899 902 920 1041 1106 1128 1144
 904 907 912 907 911 923 971 971 972 972 980
 906 908 923 906 918 919 923 938 941 958 942 1001 1013 1027 1027 1072 1097 1117 1127
 908 911 933 911 941 945 946 995 1001 1008 1008 1025 1025 1025 1025 1071 1074 1075 1075 1114 1116 1118
 915 917 930 915 922 930 922 931 955 957 968 975 1004 1006 1035 1035 1078 1097 1101 1126
 916 917 931 916 975 986 986 999 1003 1003 1035 1035 1132 1132
 924 927 933 927 937 939 955 965 968 1004 1006 1061 1061 1075 1075 1089 1089 1093 1102 1126
 928 930 931 928 986 988 988 988 988 998 1007 1020 1030 1030 1091
 934 968 973 973 1017 1021 1021 1091 1138 1138 1138 1138 1138
 934 935 935 939 941 965 1007 1018 1093 1097 1099 1099 1100 1100 1102 1101 1103 1103 1114 1120 1120
 934 936 969 936 940 941 994 994 995 1008 1007 1008 1012 1016 1024 1024 1029 1029 1085 1114 1121 1121 1121 1121
 938 939 953 957 959 999 1000 1001 1002 1002 1015 1062 1062 1069 1072 1076 1083 1084 1084
 938 940 956 957 960 997 1001 1014 1038 1038 1045 1045 1064 1064 1071 1072 1079 1101 1118
 943 965 946 948 995 1013 1061 1064 1090 1134 1145 1145
 944 948 966 982 997 1000 1054 1060 1063 1062 1063 1063 1063 1063 1063 1064
 944 949 967 983 999 1038 1038 1055 1060 1060 1072
 946 949 969 947 1016 1036 1036 1074 1119 1119 1144 1144
 950 951 961 986 1000 1038 1038 1069 1071 1081 1096
 950 952 963 986 997 999 1080 1084 1084 1086 1101
 953 958 965 955 959 995 996 1004 1005 1033 1033 1068 1071 1087 1088 1090 1129 1129
 955 960 969 956 958 1016 1034 1034 1040 1041 1042 1042 1074 1090 1102 1106 1106 1119 1119 1130 1130
 962 963 970 977 977 996 1010 1098 1098 1101 1106 1122 1122
 971 973
 991 993 1000 993 1005 1018 1027 1020 1027 1060 1060 1066 1066 1067 1067 1070 1074 1079 1082 1092 1104 1104 1104 1104
 994 996 1009 1007 1009 1019 1028 1028 1041 1098 1120 1120
 998 1001 1008 1012 1067 1071 1084 1084 1085 1100 1100
 998 1002 1009 1019 1045 1065 1069 1093 1100 1101 1105 1105 1105 1105 1105 1105
 1012 1013 1018 1025 1025 1072 1087 1099 1099 1104 1104 1106 1144
 1012 1014 1015 1017 1022 1017 1019 1022 1031 1031 1086 1096 1139
 1021 1022 1021 1028 1029 1031 1033 1034 1115 1124 1133 1135 1135 1136 1136 1136 1136 1136 1136 1139 1139
 1021 1023 1035 1030 1046 1103 1107 1110 1107 1110 1126
 1024 1025 1029 1036 1116 1124 1140 1140 1144 1140 1140 1140 1140 1140 1140 1140
 1024 1026 1037 1028 1043 1107 1108 1111 1107 1129 1130 1136 1136 1136
 1024 1027 1038 1030 1039 1042 1048 1048 1103 1104 1104 1118 1124 1127 1134 1134
 1031 1032 1049 1049 1049 1108 1109 1112 1112 1137 1137 1137 1137 1137 1137 1137 1137 1137
 1050 1052 1053 1054 1056 1056 1081 1081 1088 1090 1123 1123 1123 1123
 1051 1052 1053 1055 1057 1057 1078 1079 1080 1082 1080 1086 1086 1087 1087 1092 1106 1106 1119 1119 1122 1122 1122 1122
 1054 1055 1058 1059 1059 1076 1079 1086 1095 1096 1109 1109
 1060 1061 1062 1070 1071 1072 1073 1088 1097 1132 1132 1134
 1068 1069 1075 1070 1075 1084 1098 1087 1097 1101
 1076 1077 1082 1088 1085 1093 1094 1098 1098 1106 1106 1115 1118 1126 1127 1129 1129 1130 1130 1133
 1077 1078 1089 1091 1091 1093 1114 1120 1126 1128 1128
 1077 1079 1083 1090 1085 1087 1114 1115 1116 1117 1120 1120 1127 1130 1130 1134 1134 1143 1143 1144 1144
 1080 1081 1083 1085 1093 1095 1110 1111 1110 1111 1118 1139
 1091 1092 1094 1096 1117 1127 1128 1128 1133 1141 1141 1141 1143
 1114 1116 1119 1117 1118 1121 1121 1142 1142 1144 1144 1145 1145 1145 1145
 1138 1139 1138 1142 1143
