 482 490 482 482 482 482 482 484 485 485 490 490 490 527 549 553
 482 482 482 486 487 550 551
 482 483 482 483 483 483 483 483 483 483 483 483 488 489 491 492 552 567
 483 493 569
 484 505 505 511 511 514 514 527 651
 484 485 485 486 485 485 486 490 490 490 571 490 490 490 490 490 495 528 535 534 535 539 535 535 571 571 571 571 571 576 576 577 583
 484 484 486 485 485 486 497 497 497 497 497 498 530 539 539 576 582 582 584 700
 484 494 494 494 494 494 494 494 494 494 495 494 494 494 494 494 494 494 516 519 519 578 578 583 614 729
 484 495 484 487 487 498 487 487 495 498 521 524 524 577 584 619 632
 484 486 486 495 499 499 503 503 503 503 529 536 536 579 585 593 593 623 650 698
 484 488 496 488 500 488 488 496 500 496 496 506 506 532 542 580 586 595 631 653 734
 484 489 489 489 489 495 499 499 507 507 507 507 531 542 581 587 595 627 652 733
 485 487 485 489 492 486 487 487 487 489 492 492 499 499 554 560 562 575 575 585 586 588 588 725
 485 488 491 488 491 491 500 559 562 587 588 728
 486 490 490 574 490 492 490 492 492 495 561 561 562 574 574 574 579 580 689
 486 488 488 491 504 491 491 500 504 500 501 504 504 504 504 555 558 589 591 594 697 699 724
 486 489 489 492 492 492 498 498 502 502 503 503 503 503 556 558 589 590 594 664 679 722
 487 488 501 563 565 590 710
 487 489 502 502 564 565 591 721
 488 489 493 493 493 508 493 493 493 501 508 546 548 548 592 596 596 720 735
 490 570 490 494 494 570 570 570 571 570 578
 490 491 490 491 491 496 496 573 575 574 574 581 695
 491 492 493 493 493 493 501 738 504 504 566 568 568 592 597 597 712
 494 496 494 687 688 688 740
 495 498 498 505 505 505 505 505 505 599 603 648 671 681 685
 495 495 497 497 497 498 497 499 497 499 502 502 638 640 646 662 702 716
 495 496 496 501 496 496 500 500 506 501 506 639 641 677 678 690 692 730 732
 497 500 509 704 719
 498 499 498 502 499 502 502 502 507 507 507 507 645 658 649 672 746 747
 498 500 501 501 506 506 506 506 509 509 509 509 509 647 670 680 684 749 750
 499 500 500 508 501 501 508 508 508 701 703 715 736 737 748
 501 502 508 508 509 509 509 509 509 707 709 726 727 751
 503 505 503 507 505 507 605 606 741 742
 503 504 506 504 504 508 693 696 743 744 745
 505 506 607 752 755
 506 507 508 508 694 753 754 760
 510 510 526 526 598 610 773 838
 510 511 516 510 511 521 511 513 511 511 511 513 516 521 516 528 530 583 584 599 603 799 884
 510 512 517 512 522 512 600 611 611 616 789 916 920
 510 513 518 518 523 518 601 612 601 618 780 915 919
 510 510 513 523 513 517 522 517 602 613 602 613 617 621 781 809 917 921
 510 514 519 514 524 514 519 524 519 603 614 619 778 779 787 787 787
 510 515 520 510 515 525 515 517 520 537 517 520 525 520 540 520 520 604 615 615 624 620 663 918
 511 512 511 512 515 529 532 595 606 607 927
 511 515 531 593 605 934
 512 513 533 512 534 512 533 533 537 533 538 533 533 626 713 779 919
 512 514 536 605 787 627 780
 512 515 537 608 512 609 600 608 608 608 608 608 608 608 608 608 608 608 608 608 608 608 609 628 782 820
 513 513 530 541 534 541 541 630 541 541 541 598 651 671 884
 513 514 514 514 535 539 582 599
 513 515 513 515 540 515 538 622 600 604 617 622 622 622 622 622 622 622 625 629 778 809 930
 514 515 514 542 606 607 623 631 781 787 787
 515 543 609 624 609 788 788 788 788 923
 516 527 539 541 541 571 571 648
 516 517 516 516 517 529 530 612 622 614 623 617 622 622 622 622 622 622 622 662 794 808 808 810
 516 518 518 528 578 580 578 612 688 688 688 688 688 688 688 688 688 688 688 688 688 688 688 688 729 730
 516 520 519 520 519 531 542 625 677 687 935
 516 678 518 520 518 520 532 687 538 642 939
 517 518 533 518 518 528 529 533 533 533 533 533 534 633 698 805 888 888
 517 534 517 540 541 541 541 541 541 541 610 660 673 675 794
 517 519 536 519 519 539 583 593 593 622 622 622 622 623 646 805
 518 519 533 535 571 533 536 535 571 579
 520 543 960
 521 527 527 551 551 551 551 576 576 582 582 630 681
 521 522 679 521 522 529 529 530 554 554 617 618 621 640 652 655 655 672 679 798 815 818 940
 521 523 521 523 528 689 528 530 554 554 612 613 612 613 618 640 650 654 654 654 654 664 689 797 807 814 891
 521 525 531 531 564 564 564 564 629 645 646 656 826 937
 521 680 525 532 690 532 563 563 563 563 626 633 822 889
 521 526 681 526 630 825 825
 522 523 533 533 533 572 533 541 541 541 541 572 666 668 935 939
 522 534 523 534 555 555 559 559 573 573 573 573 634 637 732 734 897 898
 522 524 536 524 536 539 575 575 587 594 594 625 631 638 649 678 806
 522 525 537 522 682 525 537 540 557 557 600 602 600 602 616 643 661 661 661 661 674 676 682 784 802 823 929
 522 526 683 523 526 526 526 644 644 667 683 857 874 875
 522 534 557 557 572 572 572 637 731 896
 523 534 554 554 572 572 572 634 733 895
 523 524 524 535 535 538 542 535 535 539 562 562 575 575 585 589 627 638 639
 523 525 523 525 540 538 538 557 557 616 617 621 643 657 657 665 669 691 691 803 819 819 942 944
 524 525 524 684 542 542 565 565 565 565 658 662 692 942 943 943
 524 526 685 866
 525 543 543 547 547 547 547 659 663 923 923 946 946
 525 526 526 686 660 865
 527 528 549 549 577 578 578 578 578 578 578 614 636 648 636 827 827
 527 529 550 550 580 586 623 675 752 752 812
 527 530 527 549 549 550 550 577 583 583 584 610 619 681 836 846 846
 527 531 527 532 552 552 552 552 579 581 585 587 627 631 668 741 741 847
 528 530 534 528 534 549 550 549 550 553 553 553 553 610 630 632 700 700 795 795 836
 528 531 538 560 560 583 586 595 615 639 615 656 687 687 690 687 895
 528 532 695 538 559 559 611 611 612 641 655 655 695 699 806 897 899
 529 530 529 534 534 534 538 534 538 540 556 556 560 560 561 561 561 561 561 561 561 561 626 632 633 635 702 702 718 718 813 891
 529 531 537 556 556 603 606 606 606 624 642 658 705 785 822 922
 529 532 537 555 555 600 601 601 641 657 657 696 696 701 783 821 928
 530 531 531 540 556 556 560 560 619 623 620 623 625 629 625 656 658 662 796 801 818 949
 530 532 532 540 555 555 559 559 616 617 621 618 653 670 697 697 704 704 800 804 817 817 950
 531 532 543 543 546 546 546 546 628 642 677 694 703 705 834 834 936 966 966
 533 534 570 533 561 561 570 570 570 570 570 570 570 570 570 570 570 570 570 570 570 570 570 570 570 714 714 729
 534 536 536 539 558 562 558 562 571 571 571 571 574 571 571 574 574 574 574 574 574 574 577 580 612 614 716 716 730
 534 537 540 534 537 544 545 544 545 553 553 553 553 598 635 660 717 717 766 816
 534 541 541 553 570 553 570 570 570 570 570 570 570 570 570 570 570 570 570 570 570 570 570 570 570 636 636 729
 536 537 536 542 558 558 599 605 605 605 639 693 645 693 715 778 801 915
 537 543 544 544 604 609 609 609 609 609 609 659 769 769 770 862
 538 543 545 545 625 628 705 857 866 868
 539 542 539 540 542 558 558 562 562 584 586 594 593 593 593 593 594 617 619 662 645 646 647 719 719 807
 540 543 543 544 544 545 545 620 624 624 659 663 770 773 773 861 861 865
 542 543 548 548 548 548 678 694 703 866 868 875
 544 553 673 762
 544 546 555 544 556 546 566 566 566 665 670 682 696 696 706 727 727 771 774 864
 544 547 557 545 547 547 547 674 682 706 772 775 863
 544 548 558 548 568 568 568 647 693 693 726 726 764 765 848
 545 546 545 546 559 560 566 566 566 676 691 697 701 710 711 831 858 867
 545 561 553 556 561 671 713 841
 545 548 562 548 568 568 568 590 594 683 685 715 849
 546 552 569 569 569 569 569 569 712 720 852 972 972
 546 547 547 563 564 707 708 967
 547 548 565 709 968
 549 553 651 761 761
 549 551 554 550 551 551 551 650 689 725 812 829 829 835
 549 552 559 567 549 560 552 567 567 652 653 689 695 695 725 728 728 828 828 842 847
 550 561 553 560 561 675 698 835
 550 552 550 552 555 556 567 567 567 664 679 697 699 710 721 833 859 859 869 869
 551 552 563 551 564 722 724 833
 553 554 553 559 561 561 567 567 567 573 573 668 733 734 842
 553 555 553 557 561 561 566 566 566 573 573 666 731 732 843
 553 558 574 568 568 568 574 574 574 648 730 827
 554 559 563 555 557 563 563 563 667 683 683 723 723 735 737 737 738 738 738 851 858 958
 554 560 564 556 557 564 564 564 669 672 679 691 711 721 832 908 908 957
 557 558 565 562 565 565 565 575 575 591 592 597 594 597 597 597 597 597 649 691 692 736 736 830
 566 569 567 569 569 569 735 738 852 860 860
 570 572 570 570 573 570 570 570 570 570 570 570 572 573 739 739 740 740
 570
 570 570 570 574 570 570 571 574 578 688 688
 571 571 572 575 575 581 687
 576 577 576 579 579 585 633 646 650 654 654 722 722
 576 588 576 581 577 581 585 586 587 588 588 588 589 634 638 652 655 655 656 690 724 724 725 725 746 746
 576 578 578 578 578 578 579 578 583 612 689 689 714 714 716
 576 580 580 589 584 588 588 618 640 650 718 719 749
 577 584 598 599 599 630 648 648 651 651 681 685 700 700 765 765 799
 577 579 579 582 582 585 618 619 664 626 627 627 716 638 645 716 722 722 725 725 801 814 952 952
 577 580 580 590 586 590 632 633 635 639 647 639 662 698 698 700 700 730 730 749 749 797 801 810
 577 581 581 591 587 591 637 638 649 653 656 692 699 716 716 728 728 728 728 746 746 830 830 899 953 953
 578 581 578 687 695 695 739
 579 580 589 599 601 601 603 664 713 715 730 744 744 744 744 780 780 814
 579 581 589 639 642 648 666 648 649 677 712 712 741 741 806 847
 580 581 592 592 641 642 678 699 730 731 736 736 754 754 754 754 806 899
 582 583 582 584 583 585 613 638 613 614 614 617 646 623 623 640 650 679 679 689 689 810 813 952 952
 582 586 582 587 589 619 621 672 629 631 631 646 650 680 719 719 724 724 804 815 952 952
 583 587 595 611 611 614 625 695 627 652 677 695 697 697 898 953 953
 584 585 621 649 652 662 664 903 949
 584 586 590 590 595 595 620 647 626 632 658 678 680 678 690 698 698 702 702 880 940 949
 584 587 591 591 595 595 616 645 629 640 653 662 672 684 699 704 704 902 950 976 976
 585 586 589 591 743 591 645 657 657 658 664 669 692 721 721 736 736 743 748 955 955 957 973 973
 585 587 589 590 742 590 649 667 685 685 703 705 712 712 715 720 720 742 742 742 747 747 867 961 975 975
 586 587 596 592 592 596 596 596 676 692 699 703 701 705 710 710 715 748 753 753 958 961 974
 588 590 588 591 592 711 723 747 748
 589 592 592 647 665 684 743 743 751 901 903
 590 591 592 745 596 596 706 709 708 709 726 726 745 745 745 750 750 751 971 978
 593 594 595 593 594 600 603 605 605 605 624 693 658 677 693 703 826 924
 594 596 597 597 597 682 684 693 693 709 786 959
 595 596 596 628 641 694 701 938 965
 598 600 600 617 626 660 683 683 764 770 764 796 811 868 885
 598 601 598 602 634 601 602 601 601 618 666 621 633 666 667 767 767 774 774 797 798 824 824 867 882 886
 598 603 603 619 671 632 671 685 765 773 765 773 799 825 825 866 866 878 878
 598 604 635 604 620 673 673 686 766 770 794 794 816 861 861 883 883
 598 636 610 636 636 636 761 766 761 761 761 762 762 795 795
 598 602 602 644 616 660 637 644 768 768 775 775 800 811 863 887
 599 600 606 606 645 606 623 627 679 679 778 785 804 806 917 961
 599 602 638 599 602 603 603 640 646 649 662 672 781 781 786 786 786 810 786 807 815 926 961 930
 599 604 607 639 607 647 607 678 680 779 779 785 805 805 813 921 926
 600 604 609 609 682 609 609 609 609 624 628 659 682 782 782 784 782 789 789 793 793 793 793 793 793 793 793 910 945 945
 601 604 642 665 783 808 817 906 964
 602 604 643 604 663 674 784 809 809 819 931 931 963
 603 604 607 789 607 607 641 677 670 684 785 789 808 808 818 905 925
 605 606 608 788 608 608 791 608 788 791 834
 605 607 609 693 609 693 694 782 785 791 791 791 791 791 791 791 791 909
 606 607 694 609 696 609 696 782 783 790 790 790 790 911
 608 609 792 792 792 792 792 792 792 792 793 792 792 792 792 792 792 792
 610 611 616 610 621 611 613 611 611 613 626 637 667 668 668 796 800 802 828 803 828 828 828 840 850 869 869
 610 612 617 612 630 633 683 683 797 801 812 816 827 827 848
 610 613 618 634 613 644 630 644 798 804 829 811 812 829 829 829 837
 610 614 619 614 632 651 651 685 764 764 766 778 778 799 827 827 846 846
 610 615 620 635 615 675 675 686 839
 611 615 628 676 932
 612 615 614 615 625 631 641 642 653 656 687 687 687 691 691 692 896
 613 615 643 615 629 669 933
 616 618 657 626 633 637 655 634 657 655 723 723 723 723 821 832 832 890 890 899 901 904 951 951 957
 616 619 658 627 627 638 646 649 652 721 721 803 826 830 830 901 943 943 955 953 953 955 976 976
 616 620 659 628 628 643 663 674 676 706 706 802 820 820 913 913 916 916 929 945 945 948 963 963
 616 621 661 626 637 657 660 666 657 661 667 660 661 661 666 823 831 831 850 855 864 900 941 944
 617 620 663 624 624 625 691 625 629 682 682 691 705 778 781 784 778 781 943 802 925 942 943 956 956
 618 620 665 629 642 642 643 656 669 711 711 804 810 821 912 941 950 955 955 977 977
 618 621 667 630 630 633 654 634 654 654 668 654 655 655 668 814 824 815 824 833 833 847 853 889 937
 619 620 670 631 692 631 653 677 677 684 710 710 801 802 810 822 900 943 943 949 956 956
 620 621 674 629 663 665 669 676 705 803 823 914 914 917 917 930 947 956 956 963 963
 622 624 622 625 787 787 787 789 943
 623 624 631 678 696 696 697 697 703 778 780 783 780 803 916 955 955
 626 628 629 713 628 717 635 659 705 708 708 713 717 796 820 820 878 878 882 885 892 892 922 922 930
 626 630 714 835 633 636 636 636 660 636 714 714 714 714 714 714 714 813 816 835 836 841 841 891
 627 628 631 715 639 694 720 720 806 834 834 866 867 874 866 961
 629 630 656 675 675 686 718 718 810 811 812 846 846 854 940
 632 640 650 634 664 700 700 725 725 733 733 747 747 796 806 798 807 814 804 806 880 903 903
 632 636 651 636 671 729 729 729 766 779 779 836 884
 632 637 652 640 672 702 702 721 721 733 733 747 747 803 881 881 899 901 902 937 942 950
 632 641 653 635 670 641 710 710 732 732 734 734 750 750 797 802 879 879 880 889 900 940 942
 633 642 656 635 663 642 705 708 708 713 713 718 718 799 822 880 882 889 926 927 927 949
 634 635 643 665 669 711 711 718 718 731 731 758 758 798 821 881 881 890 890 893 940 941 950
 634 636 666 636 668 636 637 636 714 714 714 714 739 739 739 739 739 739 842 842 843 843 895 896 897 898
 634 644 667 637 644 723 723 759 759 759 759 759 759 759 759 851 851 876 954 954 958
 635 636 673 636 675 729 729 729 794 795 816 795 888 888 888 888
 635 674 637 676 643 706 706 717 717 731 731 758 758 800 823 879 879 882 887 894 894 928 928 929
 638 639 643 639 684 692 719 719 736 736 748 751 807 826 942 944 949 957 976 976 977 977
 638 644 685 747 849 849 868 961
 640 644 681 746 812 815 854
 640 641 641 643 680 690 704 704 737 737 748 751 796 797 893 912 937 944 957 951 951
 643 644 686 758 811 872 872 941
 645 647 659 694 680 694 703 707 707 715 726 726 726 726 878 880 885 878 886 909 909 924 924 926 982 982
 645 648 660 646 648 681 716 716 807 810 812 846 848 846 849 849
 645 649 661 658 661 672 956 956 959 959 974 977 977
 646 647 663 677 677 690 703 707 707 715 719 719 796 799 826 886 930 949 934 934 934 937 934
 647 648 673 730 752 752 805 808 805 808 836 848
 647 649 674 684 709 709 715 736 736 751 753 753 900 902 924 925 924 926 959 959 964 964 978
 650 651 668 651 652 698 733 742 742 767 767 780 780 781 847 927 934 934
 650 652 664 667 672 681 681 722 722 741 741 741 741 746 746 801 804 822 826 833 833 847 853 975 975
 650 653 669 690 699 724 724 737 737 743 743 748 801 803 814 821 826 832 832 904 973 973
 651 653 675 755 734 755 768 768 781 812 927
 652 653 676 690 701 720 720 735 735 748 753 753 831 831 867 868 876 868 899 965 965 966 966 974
 654 656 669 951 973 952 976
 655 656 676 705 711 711 953 954 961 965 965 974
 657 659 665 705 706 706 911 911 914 925 948 979
 658 659 670 684 694 694 701 703 709 709 727 727 727 727 909 909 912 925 945 945 947 962 962 964 964 979 979
 658 660 671 662 671 685 702 702 848 854 868 861 861 926 930
 659 660 673 663 673 686 717 717 838 838 839 839 862 862 865 883 883 918 918
 659 661 674 910 910 913 931
 662 663 670 678 678 692 701 703 704 704 709 709 912 915 915 929 930 942 944 964 964 977 977
 664 665 670 680 699 712 712 735 735 743 743 751 848 850 848 853 864 877 877 901 959 959 978
 664 666 671 671 672 698 733 742 742 853 867 915 917 922 924
 665 666 673 756 673 674 713 731 756 840 864 905 906 906 920 921 920
 665 667 674 669 676 686 686 708 708 756 756 756 756 758 758 850 855 871 885 887 947 948 981 981
 666 667 757 668 757 757 757 757 757 757 757 852 852 856 856 874 936
 668 669 675 675 676 713 731 756 756 855 869 869 916 917 922 928
 670 671 673 732 755 755 837 863 905 921
 670 672 674 680 701 707 707 737 737 751 753 753 885 886 904 907 900 907 947 962 962 980
 679 680 682 696 696 697 707 720 738 738 738 764 767 771 764 850 901 971
 679 681 683 689 722 814 827 829 829 841 849
 680 681 686 690 749 752 749 752 752 752 813 818 835 835 836 837 854
 682 683 686 691 708 764 768 772 900 968
 684 685 686 692 750 750 755 755 755 755 848 854 863 925 926 968 968
 689 690 691 695 695 697 712 724 738 738 738 827 828 827 828 830 843 847 899
 698 699 701 713 732 734 745 745 745 745 904 915 916 924 928 957
 698 700 702 714 714 729 729 729 794 805 813 805
 699 700 704 718 728 728 734 734 750 800 815 807 902
 701 702 704 717 727 732 727 732 750 886 893 929 944
 706 707 710 720 721 727 727 735 751 967 968 968 970 970 971 978 981 981
 706 708 711 723 758 969 969 971 980
 707 708 712 720 722 724 744 749 744 744 744 749 765 767 774 765 786 786 853 903 903
 710 711 712 724 725 728 728 735 748 830 831 849 851 849 974 975 975
 713 714 717 714 718 729 729 729 884 891 919 919
 715 716 717 719 726 730 726 730 749 797 799 807 915 915
 721 722 723 725 746 830 832 973 973
 729 731 739 897 939
 729 732 729 734 740 740 740 740 740 740 740 740 895 896 935 939
 729 733 739 898 935
 731 732 735 737 733 734 735 737 760 760 760 760 874 875 876 875 936 938 938 958
 741 742 757 757 834 972 972
 741 743 744 752 744 754 752 753 754 756 783 785 859 877 859
 742 743 745 753 745 755 755 756 760 760 877 909 911 970 970
 746 747 759 759 974
 746 748 749 749 751 754 754 754 754 758 880 904 902 912
 747 748 750 750 751 758 760 760 760 760 978 979 979 980 982 982
 756 757 870 873
 758 759 983
 761 762 764 761 765 827 836
 761 763 767 761 768 761 763 763 828 829 835 842
 762 769 762 766 769 773 838
 762 770 762 816 839
 762 763 771 762 772 762 763 774 763 763 763 763 775 837 840 841 843
 763 776 763 777 776 777 844 844 845 845
 764 766 769 764 769 778 779 779 782 782 782 838 866 878 878
 765 766 765 770 785 785 801 813 837 841 841 848 868 880 885
 765 768 775 786 786 830 849 854 902 968 971
 766 767 766 767 771 771 783 783 784 803 804 813 840 843 843 850 867 880 881 881 886 887 898 898
 766 768 768 772 772 784 802 811 816 839 839 863 879 879 882 896 896
 767 768 776 768 774 775 776 775 776 776 776 876 776 831 832 851 855 904 967 969 969 970 970
 767 777 774 777 777 856 777 777 777 833 852 853 856 967 972 972
 769 792 782 792 788 792 792 792 792 792 792 792 792 792 792 792 792 792 792 792 792 792 792 792 792 792 792 792 792 792 792 792 792
 769 769 772 770 772 784 793 793 793 793 793 793 793 793 820 862 910 923
 769 771 769 771 783 793 785 790 790 790 790 790 790 793 793 793 834 870 870 909 911
 770 857 773 789 789 802 809 863 910 923
 770 771 858 770 771 774 864 774 783 784 783 817 821 817 818 822 858 871 912 914 914 948 962 962 966 966
 770 772 772 775 865 775 784 819 823 819 857 857 872 872 913 913 946 946 948
 771 772 776 772 776 776 858 871 907 908 967 969
 771 777 860 777 873 777 859 860 873 860 877 970 972
 773 866 778 782 787 788 787 788 788 788
 773 774 867 773 774 780 781 780 801 804 820 834 834 874 909 915 917
 773 775 868 775 781 803 875 911 916 923
 779 780 783 789 805 806 898 901 920 924
 779 781 942 779 784 789 789 794 796 896 900 905 918 922 935 935 935
 784 785 786 785 786 818 826 907 908 908 912 947 959 965
 790 792 791 792 792 792 792 792
 794 797 808 794 799 818 808 808 809 808 809 810 813 883 884 891 883 884 885 921 926 921 930 940 949
 794 798 809 817 817 884 887 897 898 905 917 920 920 927 950
 794 800 819 809 819 896 906 906 916 918 919 919 928 939 929 939 939 941
 795 796 795 797 811 812 835 835 836 839 837 839 880 891 895 895
 795 798 824 795 800 840 842 842 869 879 891 881 897 897
 795 799 825 836 838 838 846 878 884 884
 796 798 802 804 832 815 821 822 823 832 901 914 907 907 914 937 954 954 958 974 980
 796 800 802 803 831 823 831 864 865 865 871 874 874 900 913 913 936 936 941 944 979 979 981 981
 797 798 814 815 824 825 825 853 874 874 892 975 982
 797 800 889 904 894 899 944 958 978
 798 799 810 814 885 903 917 917 952 952 961
 798 800 811 811 821 823 824 824 850 851 851 855 871 876 889 890 890 951 951 954 954 980 983 983
 799 800 810 815 887 899 902 916 916 925 927 927 930 940 950 953 953 961 971 971 976 976
 801 802 830 806 807 806 815 823 822 826 959 830 912 942 950 957 958 959 974 978
 803 804 812 833 812 814 821 822 833 847 851 851 855 869 869 877 877 899 957 958 973 973 974
 805 807 809 805 818 884 886 895 915 918 924 934 934 935 935 937 935
 807 811 825 826 825 848 849 849 854 875 865 875 937 940 982 982
 809 811 816 820 838 857 862 882 919 919
 813 814 817 817 818 836 840 836 842 842 847 850 853 859 859 859 859 898 903 898 899 900 901 902 903
 813 815 819 818 819 891 893 895 895 904 908 896 902 896 908 908 908 933 937 933 933 933 941 944 951 951 957
 816 817 824 816 819 817 819 821 824 823 840 843 843 855 858 858 864 889 890 890 891 894 897 893 894 897
 816 818 825 822 825 837 841 841 854 857 857 865 889 891 892 892
 820 821 911 927 928 938 965 969 969
 820 822 826 834 834 909 922 923 934 923 924 927 934 936 966 966 967 967
 820 823 910 918 920 932 920 932 948
 824 856 984
 828 831 845 852
 828 829 832 829 833 844 851
 831 832 833 835 835 841 843 844 841 842 844 844 859 844 853 858 855 859 904 908 908
 837 838 848 862 875 886 909 915 921
 837 839 854 872 872 893 912 933 933
 837 840 844 837 844 844 877 844 853 871 876 877 904 907 907
 838 840 838 850 870 870 870 870 874 885 887 910 911 916 917 920 920 921
 839 840 855 839 871 892 892 894 894 913 913 914 914 932 932 932 933 932 933
 840 845 845 845 845 855 856 856 871 873 873 873 873
 842 845 843 845 845 845 851 852 856 856 860 858 860 860 860 860 860 876
 846 847 850 846 869 949 950 952 952 953 953 955 956 975
 847 852 852 856 867 966 972 972 972 972 975
 850 852 852 856 873 864 873 869 873 873 981
 853 854 876 854 855 877 877 880 881 881 902 903 903 912 914 914 973 973 974 975 975 978 980 981 981
 857 858 874 857 858 876 895 897 896 898 932 936 932 938 932 932 938 954 954 958
 857 875 935 936 939 960 960 960 960
 861 862 862 863 872 929 931 931 945 946
 861 863 866 861 865 868 866 923 925 923 930 942 943 945 943 945 968 968
 861 864 867 861 949 950 955 956 963 963 964 964 966 981
 862 864 870 862 870 870 871 870 905 906 906 910 911 922 936 928 947 948
 862 865 918 923 946 946 960 960 960 960 960 960
 863 864 871 863 867 876 886 887 900 901 948 957 958 962 962 967 967 970 970 970 970 978 980
 863 865 872 868 872 875 875 929 942 944 946 946 947 968 968 979 979
 871 872 872 876 879 881 894 893 894 980 981 983 983 984 984 984 984 984
 878 879 883 883 885 892 905 900 910 905 910 925 945 956
 878 881 887 901 911 911 926 945 955 961 971 971 982
 879 880 892 879 893 892 893 904 902 907 907 912 913 913 938 938 938 938 974 978 979 979 980 982 982 983 983
 882 883 883 887 894 906 906 906 906 931 941 931 948 963 963
 882 884 888 888 891 888 889 888 895 918 922 919 921 927 919 939 939 939 940
 882 885 889 893 928 928 929 940 941 951 947 948 958 950 951 965 965 971 971 980 983 983
 882 886 889 892 936 937 936 946 946 966 967 967 982 984 984 984 984 984
 882 887 890 890 894 941 948 954 954 969 969 969 969 983 983
 883 886 893 905 905 926 931 931 947 962 964 964 977
 888 890 897 919 920 928
 905 907 909 910 924 938 959 962 962
 918 921 925 933 918 921 929 930 931 944 931 933 947
 922 925 926 937 922 929 940 941 947 949 957 961 963 963 965 965 976 976 977 977 978 980
