 184 185 184 186 184 185 186 185 185 185 185 191 192 256 298
 184 217 195 217 217 217 217 217 217 217 217 217 217 217 217 217 217 217 260 308 308
 184 184 184 187 186 186 187 195 200 195 195 197 196 197 197 197 200 259 262 265 268
 184 188 184 188 195 199 204 198 199 203 204 218 218 218 218 261 282 299
 185 187 185 188 185 193 194 321
 186 191 191 205 226 270 270 270
 186 186 187 187 187 187 196 199 199 201 267 276 300
 186 188 186 188 189 188 188 189 189 189 196 198 202 198 201 202 206 207 269 271 302
 187 188 187 189 189 189 189 208 209 211 212 212 213 214 214 301 319 322
 188 190 190 190 190 190 190 210 211 213 303 318 323
 189 190 190 190 215 216 315 320
 191 192 195 195 196 195 214 214 233 260 233 242 242 251 260 268 260 309
 191 196 191 192 200 192 200 200 200 201 219 219 234 234 244 244 255 259 267 259 268 329 330
 191 193 197 191 199 193 193 196 197 197 197 199 209 201 235 261 236 241 242 244 242 261 269 261 269 325
 191 194 198 194 202 194 202 220 232 259 244 246 267 331
 192 192 205 205 226 229 229 298 350
 192 193 192 204 193 193 200 201 200 204 204 204 207 204 204 209 207 232 239 235 247 239 299 302 336 368
 192 194 203 194 206 194 203 206 203 220 236 247 262 300 360 371
 193 194 208 194 210 224 224 249 250 250 253 258 258 301 381
 193 209 225 225 225 225 225 225 225 225 249 253 303 380
 195 198 203 213 213 218 218 218 218 260 261 260 263 263 284 289 289 299
 196 205 201 205 205 205 219 209 209 214 214 214 214 219 274 288 288 305 309 312 325 329 332
 196 198 206 198 211 202 206 202 208 208 213 211 213 213 213 215 215 221 221 278 285 287 309 293 293 309 325 327 333 334 336
 196 199 207 199 212 201 207 212 212 212 275 289 277 293 289 293 326 326 327
 197 198 208 237 239 242 326
 198 199 210 211 211 286 288 288 289 304 328 328
 200 202 203 203 203 208 221 233 235 243 277 387
 201 202 202 210 206 206 208 221 208 210 215 211 211 215 221 222 222 273 287 307 312 312 327 332 337 337 338 339 370
 201 207 207 209 209 212 212 219 219 223 223 223 223 223 223 223 223 272 287 328 333 338 369
 203 204 210 263 264 264 304 389
 205 206 220 220 281 296 330 349
 205 207 219 219 280 296 331 351
 206 207 210 210 216 216 216 216 221 221 222 222 279 295 295 334 339 364 372
 208 209 210 215 215 220 220 222 222 224 224 224 224 224 224 306 311 311 335 340 342 342 354 382 384
 211 212 216 215 216 216 216 222 316 317 317 340 341 341 341 388
 213 214 215 220 313 314 314 314 317 335 386
 217 218 217 324
 219 220 221 220 221 222 355 376 377 378 383
 222 223 379 391
 224 225 356 390
 226 227 232 226 227 232 234 234 246 246 255 271 274 302 329 331 349 351 406 406
 226 228 233 226 234 228 233 234 241 233 233 241 262 262 267 268 274 276 276 325 332 367 378
 226 230 235 235 255 259 259 280 280 300 309 312 378
 226 236 230 236 251 251 265 265 281 281 300 305 330 367
 226 231 231 256 256 298 350
 227 228 237 227 238 228 237 241 246 246 273 278 286 286 348 348 357 357 381 384 404 408
 227 229 239 229 239 244 257 258 258 258 288 312 336 351 354
 227 230 240 227 230 238 240 245 238 240 240 245 252 252 290 294 291 292 292 343 358 353 358 365
 227 231 228 231 231 231 344 347 394 395
 227 238 283 283 291 283 359 359 385 405
 228 241 274 283 283 283 345 345 380 411
 228 229 242 229 244 242 252 253 253 309 253 288 311 329 332
 228 230 243 228 230 245 243 245 246 246 255 285 291 307 346 360 353 361 361 383
 229 230 247 229 247 255 257 257 296 296 305 343 349 360
 229 231 350 393 393 393
 230 248 248 297 297 310
 230 231 231 266 266 310 352 352
 232 233 237 262 233 236 263 237 243 262 263 263 278 263 263 263 271 299 301 327 334 335 373
 232 234 238 232 234 236 236 238 241 243 245 255 241 243 245 255 272 277 273 275 275 278 336 338 346 355 366 407 407
 232 235 240 249 239 240 247 253 239 249 272 249 253 287 253 257 257 304 307 342 342 364 404
 232 236 250 237 240 243 252 237 240 250 273 250 250 250 250 252 285 304 306 339 354 362 408
 234 235 245 235 244 245 247 244 247 272 277 287 293 337 355
 235 236 248 264 248 249 252 249 249 264 279 264 279 305 311 312 411
 237 238 241 251 265 237 251 282 265 271 275 275 284 282 285 282 284 284 319 319 363 363 368 373 387 387
 238 239 244 239 242 243 247 242 259 261 259 261 261 287 293 289 289 293 301 302 333 335
 238 246 266 251 266 266 284 284 292 284 285 292 313 313 347 371 373
 240 248 254 254 290 254 403
 241 246 256 256 256 265 282 271 276 282 276 282 321 321 347 368 371
 243 248 257 247 248 258 258 295 258 264 264 264 294 295 306 307 405
 245 248 248 257 294 257 290 415
 249 250 254 254 306 342 356 356 356 356 402
 251 252 255 251 252 266 266 305 310 344 350 367
 251 256 308 265 266 308 308 308 308 308 308 308 308 308 308 308
 252 254 257 254 310 254 343 393 393 393 394
 253 254 258 311 354 356 356 356 356 393 395 393 393
 255 256 256 262 265 262 265 298 300 330 344 352 352
 259 260 262 260 260 266 298 309 314 314
 261 264 283 288 303
 267 271 268 298 299 302 298 298 299 300 321 321 321 321 325 331 336 347 360 386 386
 267 269 272 267 273 269 301 301 302 322 322 325 329 326 326 333 327 328 328 329 336 337 337 357 357 366 369 369 382
 267 270 274 268 270 269 270 280 270 270 281 270
 267 275 276 277 300 327 361 361 377 377
 268 276 298 329 344
 268 269 277 268 278 269 299 299 302 322 322 326 326 333 363
 269 279 303 303 320 320 320 320 325 332 345 345 380 380
 271 272 285 277 300 301 302 305 300 301 304 307 304 305 319 319 319 319 332 334 338 339 358 358 366 382 409
 271 273 278 285 315 318 315 318 323 323 323 323 345 345 359 359 370 372 401 410 410
 271 274 286 274 275 276 278 276 286 322 322 357 357 369 369 370 409
 272 273 279 290 279 290 306 306 307 316 316 343 346 343 354 355 354 362 364 365 379 379 400 402 402 402 402 404 404 416 416
 272 274 280 291 277 280 280 280 329 331 333 360 361 361 366 370 376 376 399
 272 275 292 294 305 351 362 399
 273 274 281 386 278 281 281 281 291 344 347 344 344 363 363 377 377 382 386 396 396 399 409
 273 275 285 286 291 286 291 292 292 316 316 348 348 372 374 374 400
 277 278 279 294 279 294 304 304 307 316 316 336 337 337 339 340 358 360 358 364 360 362 366 372 381 381 400
 279 280 281 297 297 367 378 411 411
 282 283 286 283 284 286 323 323 375 375 389 389
 282 284 308 308 308 324 308 324 324 324 324 324 324 324
 285 290 310 294 305 306 307 306 310 310 313 313 313 313 346 349 365 383 395 395 396 396
 287 290 295 311 295 311 312 317 317 339 342 342 342 342 343 349 355 379 379 383 399
 287 288 291 296 288 293 294 295 293 296 295 296 296 312 317 317 338 340 351 364 376 376
 287 289 292 289 309 317 317 331 334 360
 290 291 297 294 297 297 297 343 353 365 403 403 403 403 405 405 415 415
 290 292 310 353 394 394
 295 296 297 383 415 415
 299 303 304 318 318 328 375
 301 303 306 315 315 335 340 354 385 390 390 390 390 401
 302 303 307 303 315 315 318 318 333 336 338 359 359 364 380 380 401 414 414 414 414 414 414
 309 310 311 311 312 314 314 314 314 330 344 350 378
 313 315 313 316 319 323 384 385 397
 315 316 320 318 320 320 320 322 382 386 386 388 388 392 397 392 401
 318 319 321 322 323 321 380 381 392 392
 325 327 330 330 335 335 338 346 355 363 368 368 382
 325 326 328 331 326 334 327 328 331 332 333 338 340 348 348 351 351 362 364 366 369 369 370 381 381 388 388 388 388
 327 328 341 334 339 340 341 341 341 341 341 362 370 372 374 376 376 391 391 391 391
 329 330 332 336 343 354 347 350 350 350 351 354 368 368 378 386 386 395 395 406 406
 330 331 334 339 353 355 367 371 371 377 377 378 383 387 387 387 387 399 407 407
 332 333 334 335 335 337 337 340 346 349 349 355 364 365 370 378 378 379 379 382 384 384 404 404 406 406 409
 338 339 340 365 379 372 379 383 384 383 384 412 412 416 416
 343 344 352 349 350 352 360 367 371 371 394 394
 345 346 366 385 385 401 406 410 414 414 414 416
 345 347 345 348 347 348 357 357 359 363 359 363 375 375 375 375 392 400 392 392 392 397 397 401 409 410 410
 346 347 352 352 373 352 353 358 361 373 367 396
 346 348 353 353 374 362 365 374 400 407 408 408 416 416 417 417 417 417 417 417 417 417 417
 349 351 353 355 376 364 383 372 376 399 405 405 407 407 411 411 415 415 415 416 415 416
 357 358 361 362 361 366 374 374 412
 358 359 365 385 385 413 413 413
 362 363 365 366 367 367 373 373 406 406 407 408 407 408 409
 368 369 380 375 401 404
 368 370 371 381 371 372 373 384 387 387 389 389 389 389 389 389 400 404 405 405 408 411 409 411
 369 370 372 377 382 374 377 388 388 391 391 391 391 399 400 399 409 412 412 412 412
 373 374 375 385 408 410 410
 380 381 382 384 385 390 390 390 390 395 397 395 397 401 402 402
 392 398 397 398 398 398 398 398 398 398 398
 394 395 402 394 403 394 396 396 404 399 400 402 403 403 403 405 408 411
 396 397 396 397 400 401 409 410 410 412 412 413 413 413 413 413 413
