 326 346 326 331 333 346 346 346 346 346 346 346 379 408 424
 326 330 441
 326 326 327 326 326 327 327 327 331 332 331 332 334 389 410 412
 326 327 327 327 327 335 338 340 409 442 444
 326 328 326 328 328 328 328 328 336 337 338 339 339 347 340 347 411 443 447
 327 328 327 328 328 341 342 343 344 445 446
 328 329 329 329 329 329 329 329 329 329 329 345 348 438 453
 330 331 330 332 330 332 350 363 379 374 375 375 375 375 379 389 379 389 462
 330 333 330 334 330 333 334 333 350 363 367 367 408 410 505 526
 330 335 330 337 358 358 369 372 370 370 377 372 411 546
 330 336 360 360 369 377 409 549
 331 333 340 340 346 346 346 346 456 346 346 346 346 381 387 387 421 421 422 456 456 456 456 456 456 456 460 460
 331 334 331 338 332 334 332 335 335 340 338 340 340 340 342 342 351 351 391 402 402 415 422 422 428 458 458 461 461 463 464 470
 331 335 384 386 387 387 387 458
 331 336 339 339 341 339 339 341 347 347 347 347 352 396 397 422 402 414 459 465 472
 331 337 338 338 401 402 413 457 457 457 459
 332 333 333 333 335 351 380 386 386 460 470 574
 332 332 337 334 334 335 351 335 337 342 338 338 342 351 354 354 390 397 397 418 428 459 463 471 473 473 474 525
 332 336 336 341 339 339 341 353 353 353 353 353 355 419 428 461 471 475 575
 333 336 349 349 349 349 349 352 349 349 349 381 382 383 413 508 585
 333 337 382 466 472 586
 334 350 350 394 405 405 462 487
 334 336 352 336 343 343 355 343 343 352 355 393 404 464 474 517 528
 334 337 337 344 344 344 344 351 351 354 354 392 404 465 475 511 527
 335 336 341 341 352 356 356 359 359 359 359 417 425 467 476 482 520 548 573
 335 337 342 342 350 350 354 354 358 358 358 358 358 358 416 425 468 477 482 491 547 560
 336 337 345 345 345 345 352 356 356 361 361 361 361 420 430 430 469 478 484 484 523 550 587
 338 339 343 339 345 348 341 343 343 343 345 348 348 356 356 435 437 437 450 452 477 478 479 479 580
 338 344 342 344 344 344 354 451 452 476 479 583
 340 341 347 347 348 348 348 352 448 449 449 452 468 469 572
 340 342 350 436 437 449 467 568
 341 342 345 345 348 348 348 355 355 357 357 359 359 359 359 432 434 434 480 480 481 483 483 559 567 579
 343 344 345 357 357 439 440 440 481 577
 346 455 455 455 455 455 455 456 455 455 455 455
 346 347 346 347 349 349 454 456 456 457 457 466 466
 350 351 350 351 354 492 536 537 541 555
 350 352 355 355 360 360 360 360 360 360 493 497 544 565 569 571
 351 352 352 353 353 353 355 353 356 353 356 357 357 535 538 543 558 576 582
 354 355 356 355 357 356 357 357 357 361 361 361 361 540 554 545 566 592 593
 354 542 591
 358 359 360 359 361 360 361 499 500 589 590
 358 498 588
 362 363 362 363 374 374 394 394 410 412 462 487 629 629
 362 364 362 364 366 399 485 502 490 612 619 656
 362 365 362 366 365 399 486 503 504 618 641 653
 362 367 367 405 405 487 505 602 617 617 617
 362 368 362 368 385 423 385 407 407 429 488 506 506 556
 362 489 598
 363 364 369 380 364 369 390 369 376 414 419 472 475 491 497 625 636
 363 365 381 365 381 391 381 460 461 467 581 582
 363 366 363 366 380 390 380 391 470 473 492 624 634
 363 368 370 382 370 392 370 376 370 370 370 382 392 382 386 425 386 413 418 428 482 543 639
 363 383 368 369 371 369 369 371 383 393 383 384 384 393 413 416 415 474 493 529 678
 364 365 371 384 396 414 417 510 573 620 683 683
 364 366 385 364 371 395 371 385 395 398 403 395 400 400 502 513 561 564 621 626
 364 367 372 386 372 397 372 472 482 511 519 519 520 620
 364 368 373 364 373 398 373 494 507 507 512 648
 365 366 374 365 374 401 384 395 384 390 391 395 395 401 486 516 546 560 639 678
 365 367 375 387 371 372 375 372 422 372 387 402 387 425 463 467
 365 368 376 365 380 383 383 383 403 417 419 495 508 495 515 520 558 626
 366 367 367 375 402 375 376 377 375 375 377 377 386 397 386 428 470 471 491 492 493
 366 368 366 368 376 403 376 398 496 509 496 509 514 518 685
 366 374 385 396 419 490 504 549 565 625
 367 368 377 367 377 404 377 380 382 382 382 404 416 418 497 508 519 514 517 519 519 519 621
 368 378 388 378 406 378 388 406 388 426 388 429 388 388 670
 369 370 373 370 378 378 416 420 482 498 498 498 498 499 647
 369 373 417 484 500 646
 371 374 421 371 415 421 421 423 421 421 421 424 424 424 436 436 522 526 581 581
 371 373 376 371 373 423 373 426 427 485 521 602 641
 372 373 377 425 372 491 498 498 498 498 499 523 617 618 617
 373 378 426 501 494 501 501 501 501 501 501 501 501 501 501 501 501 501 501 501 609 609 609 610 609
 374 376 374 376 380 385 380 385 415 418 485 488 503 505 524 555 624
 374 412 424 424 424 441 441 489 526
 376 378 378 429 378 427 494 514 519 519 519 519 612 617 617 667 617
 377 378 430 500 520 617 619
 379 380 379 379 385 386 422 386 409 410 428 541 544
 379 381 408 422 424 449 449 456 456 456 456 456 456 456 456
 379 382 379 383 387 387 395 397 402 411 457 457 468
 380 381 384 381 381 384 408 409 412 464 503 533 544
 381 383 414 466 469 584
 382 383 388 388 388 388 420 427 430 665
 384 385 421 384 412 415 421 421 421 421 421 424 424 424 444 444 522 533 574 574
 385 424 423 424 424 431 431 489 533
 389 390 389 409 409 410 442 442 459 461 461 470 471 504 524 537 537 569
 389 391 389 408 408 410 442 442 458 458 460 460 460 460 463 470 503 522 541 568 568
 389 392 389 393 411 411 446 446 446 446 458 458 463 459 471 516 547
 389 394
 390 396 391 396 412 414 419 412 414 415 443 445 443 445 447 447 447 447 502 516 525 527 528 575 575 628 628 642
 390 392 398 392 416 416 418 451 451 491 492 491 511 514 515 518 542 542 552 552 622 622 630 637 686
 390 393 567 393 398 417 417 419 450 450 485 486 485 510 513 538 550 566 567 613 630 635 679
 390 394 399 568 391 394 394 394 399 503 504 516 537 537 547 568 632 632 640 645
 390 400 400 401 403 401 415 451 451 510 527 530 643
 391 401 401 412 442 442 504 525 627
 391 392 403 392 413 413 418 451 451 470 471 475 476 508 509 508 509 535 509 509 515 538 548 551 551 551 551 643
 391 393 393 403 414 572 414 419 450 450 502 503 503 510 516 538 548 559 572 633 633 637 638 644
 392 393 406 406 420 420 439 439 439 439 521 529 540 543 647 647 680 680
 392 394 407 524 541 640
 393 394 569 407 522 645
 395 396 401 421 401 421 424 424 447 447 454 454 454 454 531 585 586 586
 395 399 563 665
 395 400 396 400 424 421 454 421 424 448 448 454 454 454 531 584 584 585
 396 398 423 396 403 415 417 419 417 423 432 435 432 435 448 448 448 448 486 513 528 530 534 576 576 605 644
 396 399 399 400 401 450 450 532 532 587 664
 397 398 404 425 397 404 425 428 452 452 475 478 483 482 482 483 483 483 492 514 517 558 535 542 542 545 637
 397 399 405 402 405 405 405 427 430 437 437 477 523 536 536
 397 400 422 452 452 457 457 457 465 469 508
 398 406 426 406 426 429 433 433 494 496 494 496 512 557 557 557 557 610 610 612 612 614 666 666
 398 399 407 399 570 403 407 407 407 485 490 513 539 539 562 570 614 631 672
 398 400 400 423 433 433 490 534 606
 402 403 404 402 404 428 452 452 473 476 480 511 535
 403 406 406 429 427 427 433 433 512 514 518 553 553 614 619 619 667 672
 404 406 430 430 440 440 440 440 554 558 667 672
 404 405 407 405 571 555 667
 406 407 556 670 670
 408 410 412 408 441 441 441 441 462 489 505 596 596
 408 411 413 408 414 443 443 459 460 460 466 465 466 466 466 466 466 468 472 508 531 572 572
 409 410 415 409 412 413 418 413 444 444 444 444 464 474 506 506 524 569 627
 409 411 416 409 417 445 445 467 469 476 478 491 520 564 589 589 638
 410 411 418 410 419 411 443 443 445 445 463 465 470 472 472 473 473 475 502 511 517 547 642 660 660
 411 420 438 438 438 438 468 477 523 563 588 588 588 588 661 661
 413 414 420 427 427 435 435 472 478 484 484 507 507 507 508 507 523 550 552 552 664
 415 416 418 416 423 427 427 429 436 436 436 436 487 521 529 555 603 645
 416 417 420 426 426 432 432 494 495 495 497 500 500 500 553 553 554 611 611 613 669
 418 419 420 420 429 429 432 432 435 435 512 514 518 515 517 520 520 554 558 613 618 618 668 631 668
 421 424 455 455 455 455 455 455 455 455 455 455 455 455 455 455 455 455 455 455 455 455 455 455 455 455 455 455 455 455 455 455 455 455 455 455 455 455 455 455 455 455
 422 423 425 422 425 428 434 437 434 437 449 449 449 449 462 464 503 505 541 582 582
 423 426 429 426 431 431 431 431 488 556 598 598 599 599
 425 426 430 434 434 493 499 499 499 540 602 603 653
 428 430 429 430 434 434 437 437 474 482 482 485 487 540 543 555 640
 431 432 448 431 431 433 436 561 565 600
 431 434 449 544 596
 432 438 438 445 453 453 453 559 567 577 608 616 616 662 662
 432 433 439 433 435 439 439 439 450 451 562 566 567 570 570 577 578 578 607 615 615 671
 433 434 440 452 437 440 440 440 481 483 483 545 570 571 604
 435 438 438 443 453 453 453 550 572 580 650 650 650 650 659 661 661
 435 436 436 444 445 444 447 451 448 560 564 573 652
 438 439 446 579 608
 441 442 447 441 443 441 444 546 549 597 597
 442 443 446 450 442 451 445 446 446 446 547 548 568 568 572 580 583 583 638 651 651 651 651 652
 447 450 448 453 453 453 563 587 659
 454 455 455 455 455 455 455 455 455 455 455
 458 459 462 458 461 464 461 467 462 467 468 468 473 473 477 486 492 516 525 529 543 546 546 547 579 579
 458 465 459 463 476 510 511 548 551 551 583 583 583 583
 459 461 479 461 469 464 469 480 474 475 476 479 479 479 480 510 515 525 527 530 535 538 548 592 592
 459 465 477 478 479 479 532 536 536 550 552 552 580 580 591 591 591 591
 462 463 470 485 491 491 504 505 525 536 536 541 568 568 603 634 634
 462 464 474 488 493 493 522 526 526 544 544 555 569 574 574 574 574 603 624
 462 465 475 490 492 524 537 537 541 549 549 571 575 575 604 604 636
 463 464 467 467 471 477 486 487 487 492 521 523 523 582 525 540 560 560 579 579 582 618 618 632 632 634 634
 463 465 468 468 471 476 511 513 515 517 559 535 541 541 542 542 547 580 580 637 638 660 660
 464 465 469 469 481 478 481 528 529 534 545 535 558 573 573 575 575 582 582 592 592 633 633 636 637
 467 468 469 480 480 493 495 495 497 544 561 544 545 559 589 589 620 620 642
 470 472 471 474 472 477 502 505 511 505 514 543 520 520 527 546 546 567 567 572 572 605 636 660 660
 471 478 480 517 518 566 543 548 630 634
 473 474 476 473 475 477 513 542 518 545 527 542 550 555 560 555 558 559 560 663 668 668 686
 474 475 478 481 481 484 484 484 484 512 540 521 528 538 554 558 566 573 573 576 576 676 679 686
 476 477 478 480 480 481 590 481 540 553 545 562 553 554 559 571 571 577 577 590 590 590 593 593 663 671 675 675
 479 481 578 593
 482 483 484 483 494 497 499 499 499 554 622 684
 485 488 494 494 514 521 556 570 570 602 610 602 606 610 621 621 667 674 674
 485 489 503 522 596 599 596 599 603 627
 486 516 563 563 608 608 632 649 649 649 649 649 661 680
 486 488 495 488 496 530 495 496 495 495 515 561 518 529 561 562 605 613 624 625 625 644 668 668 677 677 682 682
 486 489 489 531 489 490 502 504 531 522 597 605 597 597 597 600 600 606 627 628 628
 486 490 490 532 510 513 532 607 607 633 635 671 681
 487 488 497 497 517 565 528 565 571 603 612 612 624 645 667 674 674
 487 489 505 526 526 596 598 602 596 598 602 629 629
 487 490 492 536 511 555 527 536 604 619 604 619 636 640 667 675 675
 488 489 533 506 533 599
 488 490 534 496 496 539 512 556 539 606 614 626 626 641 641 666 666 677 677
 491 493 494 500 500 540 500 520 523 567 567 602 605 611 602 611 620 620 656 675 675
 492 493 496 535 493 496 497 497 538 543 545 558 566 621 621 622 622 624 639 639 643 682 682 685 685 686
 498 499 500 501 501 501 501 609 611 609 623 623 623 623 623 623 623 623 623 623
 502 504 510 504 516 532 532 630 635 638 651 651 651 651 655
 502 506 507 512 506 518 534 507 509 507 507 509 521 562 564 564 657
 502 513 563 563 631 650 650 650 650 658 662 662
 503 506 508 514 505 506 517 508 524 528 529 549 549 570 570 571 606
 504 506 509 515 530 509 539 524 539 654
 510 512 515 553 521 529 552 530 553 534 552 578 578 578 578 630 646 636 646 646 646 675 675 681 676 679 681 686
 510 513 516 522 522 531 531 642 644 643 652 652
 511 512 517 554 523 523 535 543 545 550 577 577 631 636 637 647 647 667 668 671 667 668 686
 512 513 518 557 521 534 557 553 556 561 553 557 562 556 557 561 631 648 648 648 648 656 656 657 657 669 669 674 674 677 677 685 685
 515 516 518 562 524 524 529 551 530 551 551 564 551 552 552 564 634 634 635 636 638 660 660 663 679 686
 521 522 524 581 529 533 556 533 581 581 581 624 627 629 645 629 641 641 678 678
 525 526 546 526 527 531 560 574 574 586 586 586 586 586 586 605 620 620 621 625 639 642
 525 527 537 547 532 537 583 583 591 591 591 591 630 637 638 663
 525 528 538 548 530 559 575 575 580 580 587 587 593 593 630 632 631 632 635 640 637 640 663 676
 526 528 549 533 565 585 585 585 606 621 627 678
 527 528 550 534 566 538 576 576 577 577 587 587 593 593 631 633 633 671 672 673 672 673 676 679 680 680
 530 531 533 561 533 534 564 581 581 584 584 584 584 584 584 625 628 644 626 628 678 683 683 683 683
 530 532 534 539 562 539 578 578 595 595 595 595 595 595 595 595 635 673 673 679 681 681
 531 532 563 659 659 664
 535 536 539 571 593 640 672 686
 537 538 539 569 592 627 643 654 654
 540 541 544 556 543 544 569 582 582 624 627 629 629 639 639 640 653 653
 540 542 545 557 554 557 566 674 676 674 682 682 684 684 684 684
 546 547 560 563 588 588 588 588 608 608 618 647 661 661
 546 548 549 564 549 550 573 587 590 590 607 607 618 619 619 638 646 646 647
 547 548 550 559 562 566 569 569 579 579 589 589 589 589 592 592 603 605 603 613 622 622 642 652 652 655 655 663
 554 555 556 565 558 565 571 576 576 653 653 654 654 666 666 672 682 682 685 685
 559 560 561 565 565 566 573 587 590 590 653 655 656 653 655 669 671 684 684
 561 562 563 594 564 594 594 594 594 594 594 594 656 658 658 662 662 669
 567 568 569 570 572 579 596 597 600 596 596 597 604 642
 573 574 575 576 581 585 585 585 626 643 639
 577 578 579 580 583 592 604 607 604 663
 584 585 587 586 664 665 665
 588 589 590 594 594 611 616 616
 591 592 593 595 595 676
 597 601 607 597 608 601 601 650 650 651 652 651 659
 598 609 602 609 609 609 617
 598 610 599 599 612 606 641
 598 600 611 598 598 600 603 605 610 611 618 619 653 656
 599 600 613 599 614 599 600 644 645 654 657
 600 601 615 600 616 601 601 601 601 601 607 608 615 616 652 655 655 658 658 659
 601
 603 604 606 604 614 622 622 637 640 643 645 654 654 672 676 679
 605 606 607 606 607 613 614 615 614 615 615 615 630 631 635 643 644 657 657 664 664 671 673 673 676 680 680 681 681
 605 608 608 613 616 616 616 616 638 642 658 658 659 659 661 661 662 662 663 671
 610 611 610 611 615 613 615 622 646 647 669 684
 610 614 648 670
 612 613 664 612 618 620 621 620 625 630 637 639 647 648 648 671 684 684
 612 614 665 619 621 626 631 665 665 669 670 670 672
 624 625 632 625 634 628 629 634 629 636 642 656 656 660 674 675
 624 626 633 626 636 643 677 678 678 679 685 686 685
 625 626 635 641 641 644 646 646 648 648 656 664 669 678 681 683 679 681 683 683 683
 627 628 630 627 631 628 632 632 633 635 633 638 652 642 643 644 645 645 652 655 655 657 657 663 664 664 676
 628 635 649 644 649 649 649 649 658 658 659 659 662 673
 639 640 641 645 647 653 665 665 665 670 670 678 680 680
 654 655 657 654 663 673 673 676
 657 658
 660 661 662 668
 666 667 666 670 670 672 685
 666 668 669 666 669 671 673 674 675 677 679 677 680 682 682 686
 677 681
