 84 84 89 89 99 128
 84 85 85 85 85 86 85 85 95 156 160
 84 86 84 86 90 96 159 166
 84 88 84 87 84 86 87 91 87 88 88 88 88 88 90 90 91 97 98 100 101 151 162
 85 87 85 104 120 120 120 120 120 120 120 120 180
 86 86 89 89 89 90 89 90 95 95 96 97 97 105 125 126 127 164 164
 86 87 86 87 87 92 91 91 92 95 97 100 95 104 110 104 104 108 106 107 107 108 108 108 110 141 147 148 167 167
 87 93 93 104 109 113 109 113 161 161 179 188 188
 88 92 88 93 102 103 194
 89 91 89 96 98 98 114 115 124 164
 90 107 165
 90 91 90 91 92 92 92 92 105 105 106 107 109 109 111 112 112 163 169 171
 91 93 93 94 93 93 94 94 94 106 111 116 168 170 190
 92 93 94 94 94 94 117 118 118 119 119 189 192 193
 95 96 99 95 99 105 125 135 135 155 160 160 166 166 191
 95 98 101 104 104 106 104 119 119 141 160 148 149 160 160 162 184 184
 96 105 99 99 100 99 100 115 115 124 130 126 137 130 162 198
 96 97 96 107 97 100 100 107 112 112 142 148 145 145 148 163 167 195
 96 98 106 98 101 110 101 110 110 110 111 121 121 125 126 136 126 145 142 145 165 165 173 199
 97 98 102 108 98 109 102 102 106 108 108 108 109 117 111 129 130 135 130 148 135 143 144 163 196
 97 103 103 103 105 134 135 146 161 161 168 161 168
 99 128 138 138
 99 101 101 114 114 127 137 159 202
 100 101 102 101 113 102 102 110 111 110 113 113 113 116 113 113 117 116 141 143 144 146 152 146 152 169 177 212
 100 103 103 103 112 143 188 190 211
 102 103 117 123 123 123 123 123 123 123 123 154 154 158 158 189 215
 105 106 114 111 114 114 114 121 117 117 119 119 119 119 121 175 181 182 191 183 191 191 195 195 198 200
 105 107 115 112 115 112 115 115 173 183 174 184 196
 106 107 109 116 109 118 111 116 118 118 118 176 177 183 183 184 184 196 197 197
 111 112 116 116 117 117 118 118 121 121 122 122 122 122 122 122 122 122 172 182 182 197 200 201 201 213
 114 115 116 121 121 178 187 187 199 207
 124 125 129 141 124 142 125 129 141 163 167 171 171 196 200 210
 124 126 131 143 126 135 136 137 135 137 143 145 145 148 148 169 173 182 183 184 184 200
 124 127 144 127 131 142 149 144 147 155 147 149 155 155 169 174 174 175 181 198 199 210 210
 124 128 132 125 128 128 128 132 151 151 159 162 166 166 198 202
 124 133 133 134 136 134 142 170 173 190 203 203 207
 125 134 134 164 168 178
 125 127 127 136 141 142 147 141 147 151 159 151 159 159 162 165 165 169 175 195 195 199 205 205
 126 127 139 146 139 146 155 178 178 191
 126 128 140 159 160 160 191
 127 128 140 155 156 159 156 156 156
 129 134 147 134 151 151 170 171 179 171 179 179 194 194 204 211 211 212
 129 131 136 129 131 136 142 144 144 172 177 176 176 201 206 206 208 208
 129 132 132 132 133 134 175 204 215 217
 129 133 133 149 147 149 170 176 176 179 179 179 192 192 204 212 214 214
 130 131 137 130 137 142 143 145 143 145 146 153 146 152 153 152 153 153 172 174 174 177 182 183 207
 130 132 138 135 138 138 138 157 158 158 191 158 198
 130 133 148 152 161 161 161 183 189 190
 131 139 150 139 150 153 150 150 153 157 157 185 186 186
 131 132 140 132 136 140 140 140 149 149 155 181 186 186 202 205 205
 131 133 133 185 209 209
 136 139 152 137 139 139 153 152 153 181 185 187 187
 137 138 140 138 155 157 157 202
 139 140
 141 144 170 188 189 197 214
 143 144 146 150 154 150 150 152 157 150 158 154 172 154 157 154 154 154 157 158 182 158 181 217
 147 149 151 156 156 180 156 180 180 180 180 180
 162 163 169 162 170 167 168 177 167 168 188 188 190 188 188 190 193 193 194 194 194 194 196 204
 162 164 171 163 164 173 164 175 164 165 166 167 166 166 167
 163 168 172 168 189 189 190 193 193 195 195 198 196 198 200 203 203 204 211 211 211 211 215 215
 163 165 174 165 176 169 171 173 173 174 177 196 197 197 208 208 208 208 213 213
 169 170 172 181 177 181 189 190 189 192 192 192 192 200 201 201 203 203 209 209 209 209 215 215 218 218
 170 171 175 175 176 193 193 204 213 213 218 218
 172 173 175 178 185 177 178 178 178 185 198 199 200 202 205 202 202 205 207 210 210 212 212 217 217
 172 174 176 186 181 185 185 186 186 206 206 207 217 217
 179 180
 182 183 185 187 187 187 187 201 207
 182 184 186 191 199 202
 192 193 194 215 216 216 216 216
 195 196 197 199 197 199 200 201 201 206 206 207 207 210 212 212 213 213
 203 204 205 203 206 205 206 208 208 209 210 209 210 214 214 214 214 218
 204 216 216 216 216 218
 211 212 213 215 214 217 217 218 218
