 242 247 242 248 242 242 247 248 248 256 248
 242 252 242 243 242 254 242 242 242 242 258 242 242 242 242 242 243 243 243 258 266
 242 253 242 255 242 242 242 242 244 242 242 242 242 242 242 243 243 243 243 243 243 243 243 244 244 255 267 267 268 283 289
 242 257 265
 242 261 242 242 264 242 244 285 244 244 264 269
 242 245 242 263 242 242 245 245 290 245 245 245 262 263 270
 243 272 296
 243 291 243 244 243 292 243 243 243 243 243 244 244 244 244 244 276 297 297 301
 243 245 243 245 245 245 245 245 246 246 246 246 246 246 293 294 299 300 300
 244 245 245 246 246 246 246 246 246 246 246 286 287 302 303
 244 281 304
 247 249 247 247 250 247 247 247 247 247 247 247 247 247 249 318 379
 247 251 247 247 247 252 247 247 253 247 247 247 247 247 247 247 247 247 247 247 247 247 247 247 247 247 247 250 251 252 341 357
 247 256 247 256 384 384
 247 257 247 247 247 254 254 257 257 257 257 257 257 257 320 323
 247 258 247 247 247 247 247 255 258 380 385
 247 259 247 247 247 247 247 389
 247 247 262 247 247 260 388
 247 247 261 386
 247 247 263 264 393
 248 251 265 248 266 248 254 248 267 248 248 248 258 248 248 248 248 248 254 258 258 258 265 265 265 265 265 265 265 267 358 425
 248 248 248 268 248 255 248 248 248 248 248 248 248 248 250 255 266 266 268 443 451
 248 257 257 258 257 257 400
 248 260 269 248 261 270 248 248 263 248 248 264 248 248 263 264 269 270 456
 249 306 306 306 307 480
 249 250 307 249 250 307 307 316 307 409 409 409 528
 249 254 249 321 254 274 310 321 321 321 410
 249 271 249 322 249 249 250 254 250 254 254 254 254 254 254 254 271 271 271 275 275 311 404 322 322 322 338 381 381 404 415 423 442
 249 312 249 326 250 250 312 326 412 412
 249 313 249 327 249 259 249 250 250 259 271 274 271 271 271 274 275 275 313 405 327 411 427 427 481 523 527
 249 314 314 314 326 314
 249 315 249 249 249 250 250 259 259 271 271 271 271 274 274 275 275 414 315 315 328 315 405 411 414 482 539 540
 249 255 272 316 249 324 255 276 255 255 272 272 272 324 324 324 406 406 417 483 600
 249 317 252 252 266 272 272 307 317 307 339 406 597 597
 249 249 329 253 253 272 276 272 272 272 316 329 407 407 418 484 601
 249 251 251 317 407 416 588
 249 257 320 251 257 257 257 257 257 257 257 257 257 257 257 320 320 321 359 385
 249 323 258 258 258 258 266 272 272 323 339 380 380 406 420 420
 249 325 251 251 408 426 486
 249 273 252 252 273 273 273 277 277 325 325 326 339 485 571
 249 249 253 253 273 273 273 487 273 273 273 273 273 278 278 326 408 326 332 408 408 408 422 422 487 598 598
 250 339 250 252 253 252 252 252 253 266 268 266 268 268 268 276 339 369 409 409 416 409 417 409 409 409 416 416 416 422 422 442 604
 250 250 250 250 251 251 251 251 338 339 339 418 422 532
 250 253 379 256 256 256 256 256 256 277 419 277 277 277 284 284 340 340 379 419 451 451 538 640
 250 257 342 257 257 257 257 257 257 257 257 257 257 257 342 342 342 342 349 342 381
 250 343 250 251 280 355 251 359 251 251 254 254 254 254 254 254 254 254 274 274 280 280 280 343 355 356 359 410 431 439 445 445
 250 258 344 250 255 258 255 255 255 258 258 258 258 258 258 266 266 276 289 289 289 289 344 344 344 381 381 417 420 420 420 420 431 453 453 530 542 542 542 542
 250 345 251 251 260 260 260 274 274 280 280 345 361 421 433 544 591
 250 348 251 251 259 275 275 280 280 348 373 424 436 549 592
 250 253 256 380 256 256 256 256 256 266 266 289 289 341 380 380 380 415 425 425 451 451 490 490
 250 252 252 261 261 261 278 278 284 284 345 345 362 411 434 545 648
 250 250 252 252 252 252 253 253 277 533 277 277 277 278 278 284 284 284 284 338 353 353 412 412 418 426 426 531 613
 250 254 254 274 346 382 413
 250 252 261 289 252 261 261 276 289 347 378 378 411 436 537 646
 250 251 260 251 377 260 260 274 274 280 280 347 377 429 437 534 594
 250 349 254 254 275 349 362 423
 250 251 251 360 259 275 275 280 280 346 360 430 434 536 589
 250 264 258 258 258 264 258 264 264 264 264 268 268 276 530 349 349 383 383 428 434 452 452
 251 252 279 352 256 256 256 277 277 279 432 279 279 279 279 279 279 279 279 279 279 279 279 279 279 352 432 419 432 432 584 614
 251 254 354 251 358 254 275 354 358 438
 251 256 252 256 256 265 266 265 265 265 265 265 265 265 322 323 323 400 400 400 400 425 502 502
 251 281 362 251 376 255 255 264 264 264 264 264 264 276 281 281 281 376 435 440 586 623
 251 251 371 253 261 261 261 276 281 281 281 281 362 371 434 441 585 624
 251 261 282 365 251 378 253 261 261 278 278 282 282 282 282 282 282 282 378 436 441 587 622
 252 254 252 254 254 256 254 256 256 385 256 256 256 283 283 350 350 357 358 358 385 385 385 415 443 443
 252 283 252 252 252 253 253 254 254 254 254 254 254 254 254 283 292 292 351 431 351 359 359 369 381 381 413 438 442
 252 257 256 257 257 257 257 257 257 257 320 322 320 358
 252 285 252 253 259 285 291 291 291 291 360 360 370 430 434 621 646
 252 286 252 255 255 263 263 263 263 263 263 286 293 293 361 376 376 428 435 619 647
 252 287 252 253 262 262 262 287 294 294 361 372 372 429 433 620 649
 252 252 253 259 288 288 295 295 295 295 366 366 373 424 436 618 651
 252 290 252 253 262 262 262 290 294 294 375 377 377 421 437 617 650 650
 253 257 257 257 398 257 257 257 257 257 257 261 257 257 257 257 257 257 257 342 343 342 342 342 382 398
 253 254 261 254 254 254 261 261 292 292 347 349 349 370 382 439 446 446
 253 258 258 258 263 258 263 263 263 263 263 270 270 293 293 383 383 402 437 440 452 452 602
 254 254 296 296 296 296 317 317 323 323
 254 255 254 254 254 255 258 258 258 258 267 267 297 297 339 344 344 359 400 400 400 400 400 400 400 400 416 416 420 420 425 444
 254 254 264 255 264 264 297 297 360 378 383 403 403 444 450
 254 260 254 254 254 259 260 298 260 298 365 367 396 396 402 447 449
 254 254 254 254 259 401 259 298 298 368 401 448 448 449
 254 254 262 262 262 299 299 299 299 375 402 447
 254 263 263 300 263 300 300 300 377 383 450
 255 257 257 397 257 257 257 257 257 264 257 342 344 342 383 397 397 397 397 397 397 397 397 397 397 397
 255 255 258 258 258 258 259 269 269 301 301 301 301 382 403 403 403 403 436 452 452 454 454 602
 256 260 386 256 393 261 285 285 386 456 393 644 644
 256 261 388 256 262 290 290 393 393 456 645 645
 256 390 256 260 261 288 288 390 390 390 392 455 642
 256 262 392 256 261 287 287 391 391 455 643
 256 263 256 394 263 264 264 286 286 392 394 394 394 457 457 641
 257 259 399 257 257 257 260 257 257 257 257 257 257 257 257 257 257 257 257 398 398 399 399 399 399 401 399 399 399 402
 257 262 257 257 257 395 396 395 399 399
 257 263 257 397 399 397 397 403
 265 267 280 265 265 265 265 265 265 265 267 285 289 343 344 344 609 678 678 678 678
 265 268 265 265 265 265 269 265 265 265 280 283 382 383 383 609 654 654
 265 270 282 265 265 265 282 290 396 403 403 680 680
 266 267 266 267 267 267 275 291 291 422 422 425 425 438 453 453
 266 266 275 283 283 301 301 413 444 444 530 604
 266 266 267 267 267 297 267 274 276 274 285 285 285 285 297 297 297 430 439 444 444 454 454 530 537 609 609 610
 266 269 266 269 269 269 274 274 276 283 283 292 292 411 428 446 446 450 450 602 610 621 629 629
 266 270 266 270 270 270 278 278 290 290 290 290 293 293 294 294 421 440 447 450 450 602 617 652 652 686 686
 267 268 267 268 271 272 490 271 492 272 272 272 291 291 297 297 417 418 490 495 502 502
 267 296 296 296 296 296 297 296 296 296 406 407 502 504
 267 269 298 267 269 304 297 297 301 301 304 304 304 304 304 440 441 652 663 679 680 680
 267 270 267 300 270 292 293 300 300 300 300 300 300 300 303 303 303 428 429 629 654 654 662 665
 268 269 280 281 281 292 434 435 652 672
 268 270 284 286 294 433 435 629 669
 269 270 286 288 302 302 302 455 457 457 681 681 681 681 685
 271 491 271 495 272 272 272 272 283 289 289 292 301 301 501 501 504 504 600 601
 271 493 271 494 280 637 280 298 503 639
 271 273 271 273 273 273 273 273 273 273 283 284 284 292 295 295 465 466 496 505 505 530 546
 271 296 296 296 296 458 507
 271 497 271 500 280 280 298 506 636
 272 273 272 273 273 514 273 293 294 476 477 476 477 510 514 638 638
 274 550 274 551 275 562 275 566 298 298 583
 274 552 274 277 572 277 277 277 278 278 283 283 288 288 288 288 292 292 540 543 572 599 606 625 628
 274 296 275 296 296 296 296 296 296 296 296 296 296 296 296 296 296 296 463 509
 274 554 274 555 275 564 275 298 298 579 580
 275 277 561 277 277 277 283 283 295 295 561 570 600 603
 275 565 278 278 292 292 295 295 581 605 608
 275 276 292 292 301 301 560 560 563 607 607 608
 275 276 569 291 291 297 297 297 297 563 569 608 611 611
 276 568 277 277 277 576 277 286 286 286 286 287 287 287 287 293 293 294 294 568 576 595 596 626 627 683 687
 279 280 283 630 279 284 279 631 279 279 279 279 279 279 279 279 288 279 279 279 279 279 631 653 660
 279 281 286 633 279 634 279 287 279 279 279 279 279 633 634 682
 280 296 296 296 296 475 511
 280 281 281 285 289 297 297 585 586 671 679
 280 282 282 282 282 284 288 292 668 592 593 661
 283 296 292 296 296 296 296 296 296 296 296 296 296 296 296 296 296 296 483 484 491 492
 283 286 286 293 297 297 300 300 300 300 300 300 300 300 303 303 303 595 596 655 666 675 677 677
 283 288 288 292 295 295 656 298 305 305 305 305 305 305 305 305 305 305 305 305 615 616 667 673 676
 283 287 287 292 294 664 299 299 299 299 302 302 302 626 627 657 674 674 675
 283 285 285 291 663 291 292 298 304 304 304 304 304 304 623 624 658 658 671 672
 283 290 290 292 294 299 299 299 299 302 302 302 619 620 659 659 665 669 670
 284 647 287 289 290 293 670 649 662
 285 290 287 288 303 303 303 641 643 684 684 685
 291 294 295 303 303 303 655 657 683
 293 295 301 302 302 302 664 666 687
 296 298 296 296 296 296 296 296 296 508 512
 296 299 296 510
 296 300 477
 302 303 304 305 305 682 688 688
 306 308 306 309 306 306 306 306 308 309 689 689 699 699
 306 310 306 311 306 306 306 312 306 313 306 306 306 306 306 306 306 306 306 306 306 306 718 734
 306 316 306 306 306 306 318 306 733 733
 306 319 306 333 306 735 739
 306 320 306 325 306 320 325 320 352
 306 321 306 322 306 326 306 327 306 306 306 306 306 473 584
 306 324 306 329 306 736
 306 336 306 306 337 737 738
 307 310 338 307 307 326 307 316 326 321 321 321 326 321 326 381 381 411 540
 307 311 307 307 327 307 346 307 307 307 307 327 338 346 404 410 404 405 412 412 427 423 427 462 749 767
 307 314 314 315 314 321 314 322 314 314
 307 307 315 307 307 309 315 309 312 313 312 404 404 413 415 501 501 702 796 796
 307 318 341 307 307 329 307 318 329 341 406 406 407 407 417 418 507 507 719
 307 320 342 320 326 320 339 342 342 342 342 342 378 380
 307 321 343 307 330 321 408 421 408 408 408 476 476 587
 307 322 307 331 307 349 307 322 343 349 405 422 422 430 490 490 589 646
 307 323 344 360 380 407 425
 307 325 345 307 321 325 321 345 359 408 408 426 474 572
 308 314 308 309 314 309 314 314 314 314
 308 315 458 308 313 315 458 463 691 691 702
 308 308 317 308 308 311 317 404 458 458 701
 308 320 320 350 384
 308 322 308 323 322 323 357 384 384 384 384 384 384 415 458 458
 308 325 308 308 459 308 311 325 459 459 459 464 690
 308 327 308 328 308 460 308 327 458 458 460 462 463 690 690 700
 308 331 460 469 695 695 695 709
 308 308 328 458 459 459 459 459 460 465 466 491
 308 461 308 334 308 337 308 319 319 337 334 335 337 337 461 461 461 468 472 694 694 707 708
 308 308 334 335 334 461 461 470 471 693 693 693 706 711
 308 336 308 331 336 460 460 467 692 692 703
 309 309 317 309 309 310 311 310 311 317 491 317 317 317 317 317 317 350 350 351 350 350 351 413 415 463 491 701 701 752 752
 309 309 464 316 316 328 462 529 557 557 701 701 752
 309 320 311 320 320 320 320 320 320 320 320 320 320 320 351 354 357
 309 321 309 323 321 321 322 321 322 323 323 323 350 350 357 354 354 404 404 413 463
 309 325 309 309 465 309 310 310 311 311 325 325 325 325 325 325 325 350 350 350 350 351 351 464 465 529 529 538 570 700
 309 326 309 328 309 466 309 316 316 326 326 327 326 327 404 404 413 415 462 464 466 538 557 557 557 557 570
 309 467 309 468 330 331 330 331 334 334 559 706 706 709 709 799 799
 309 333 309 334 331 333 333 336 333 334 336 468 469 469 559 703 704 704 797 797
 309 336 309 330 330 331 336 337 337 337 337 467 471 471 558 558 705 705 707 798
 309 472 331 335 558 711 711 799
 309 309 319 319 331 335 336 336 470 470 472 559 708 710 710 798
 310 473 318 352 352 473 473 473 517 733 733 740
 310 312 312 480 316 338 473 516 473 734 473 473 480 527 480 480 516 516 516 734 749
 310 314 311 314 314 314 314 314 314 316 314 314 314 314 314 314 314 314 328 314 314 314 314 314 314 314 314 314
 310 316 474 332 353 353 474 485 485 519 545 742 742 758
 310 317 312 317 312 317 317 347 347 355 355 431 475 475 483 785 785
 310 316 330 330 356 474 518 474 486 486 486 486 544 740 760
 310 312 312 316 339 339 379 381 379 380 381 385 380 380 380 385 385 385 530 600
 310 317 484 317 351 351 446 780
 310 318 318 323 323 385 385 385 385 431 483
 310 320 318 320 320 320 320 320 355
 310 323 323 323 323 356 359 359 379 379 410 439 475 475 483
 310 325 325 351 351 487 552 741
 310 476 316 325 325 325 325 355 355 361 361 476 476 476 517 568 568 740
 310 477 326 326 333 333 333 333 356 407 407 429 477 520 477 477 483 595
 310 478 310 327 327 336 336 336 336 362 362 368 478 478 478 482 519 522 550 555 713 766 777
 310 479 310 328 331 331 362 368 362 479 481 518 521 521 551 554 554 713 770 784
 310 330 316 330 488 363 363 474 740 474 488 488 488 522 548 759 759
 310 331 310 328 331 489 364 364 378 378 378 378 479 479 519 520 553 553 556 719 782 784
 310 332 316 369 474 474 485 485 521 521 543 741 741 756
 310 326 326 329 329 369 406 406 428 477 477 477 477 484 596 519
 311 318 318 352 352 352 352 464 516 516 516 516 535 535 712 734 734 741 741
 311 312 312 312 312 328 338 346 346 464 481 528 517 528 535 535 539 702 702 749 781 781
 311 317 317 317 317 317 317 317 317 328 338 346 346 354 354 355 354 354 355 410 423 463 509 752 752 780 780
 311 316 331 316 331 356 362 362 462 481 519 525 525 532 532 536 719 749 757
 311 313 313 316 490 316 339 339 360 360 360 360 415 423 431 490 490 490 528 528 530 569 569 601 719
 311 318 316 323 318 323 323 323 381 381 415 423 484 507 507
 311 323 323 492 323 323 323 323 323 323 338 341 341 358 358 358 359 358 359 369 423 431 438 443 443 463 492
 311 313 325 313 325 325 325 325 325 325 325 338 354 354 354 354 355 355 373 373 465 465 517 535 535 552 570 720
 311 326 326 326 336 326 336 336 336 356 362 362 405 418 424 466 466 489 599 519 567 600
 311 319 319 319 319 327 493 327 356 367 367 470 470 493 520 526 526 534 564 716 760 769
 311 328 334 334 334 334 356 368 468 494 494 494 494 520 536 551 567 722 756 782
 311 315 326 315 315 315 326 326 326 338 373 373 404 404 410 423 466 466 482 528 528 539 540 565
 311 331 316 316 331 363 363 378 378 378 378 462 713 489 521 521 541 541 547 567 749 756
 311 328 332 332 353 353 366 366 366 366 467 496 496 521 521 543 567 581 721 721 758 775 775
 311 328 335 335 356 367 367 472 497 497 497 497 522 526 526 544 583 583 724 759 759 774
 311 312 312 312 312 328 339 339 348 348 348 348 415 423 431 489 542 542 542 542 546 600 640 640 779 779
 311 332 328 332 369 370 370 467 496 496 519 545 567 581 723 723 756 783 783
 311 327 327 329 329 495 329 329 369 370 370 469 469 495 519 525 525 537 563 714 757 768
 311 334 328 334 498 334 334 363 363 364 364 468 498 498 498 518 525 525 547 556 722 757 770
 311 335 328 335 499 363 363 374 374 374 374 472 499 499 499 518 526 526 548 582 582 724 760 774
 311 327 327 337 337 337 337 337 337 337 337 356 368 471 471 500 500 522 549 567 579 717 758 778
 312 314 314 314 318 314
 312 318 312 318 332 341 341 485 531 485 486 532 486 486 486 532 712 713
 312 320 316 320 320 320 320 320 338 342 342 342 342 342 342 342 342 342 342 342 342 362 379
 312 321 321 333 333 343 407 407 475 585 534
 312 322 312 322 336 336 343 349 349 418 482 549 586 640 648
 312 323 323 349 349 362 379 442 484
 312 324 321 321 324 344 344 406 475 406 537 586
 312 325 312 318 325 318 325 325 338 357 357 487 538 487 533 712
 312 332 312 318 318 340 340 340 340 485 485 488 541 488 488 488 531 541 712 713
 313 320 320 320 399 320 342 342 342 342 361 373 392 399 399 399 399 399 399 399
 313 321 321 401 321 336 321 336 349 349 405 479 550 579 591 592
 313 322 319 319 322 343 396 396 429 493 493 564 593 643 649
 313 324 322 322 324 324 324 344 344 403 403 403 403 428 495 495 563 592 641 647
 313 322 322 337 337 337 337 343 401 424 500 555 500 590 642 651
 314 317 314 314 320 314 323 317 320 320
 314 330 314 314 335 314 314 314
 314 331 314 314 334 314 314 314
 314 332 314 314 314
 315 317 502 315 317 322 317 317 322 339 358 358 359 360 360 425 444 502 504 504 588 588 597 597
 315 320 320 342 342 360 377 393 399 399 399 399
 315 321 315 321 321 321 331 349 349 401 405 478 478 589 562 580 580 594
 315 322 503 315 334 322 334 343 401 430 503 503 503 562 594 644 644 646
 315 323 504 323 344 377 393 378 393 393 403 403 444 450 504
 315 506 315 322 322 335 343 396 396 421 506 506 506 566 566 587 645 645 650 650
 316 317 317 317 318 317 318 338 357 357 442 484 507 507 701 701
 316 318 379 379 480 480 480 480 528 528 733 733 734 734
 316 317 317 369 443 483 752
 316 318 380 380 380 380 542 542
 316 325 325 362 362 487 533 742
 316 327 316 322 322 322 327 322 381 381 382 382 411 517 412 412 482 501 501 501 501 523 533 538 560 560
 317 321 317 321 326 359 377 377 407 450 477 477 588 588
 317 326 378 378 406 420 597
 317 328 317 317 331 317 317 317 317 317 331 356 362 362 369 370 370 438 439 492 492 509 780 780 785 785
 317 330 317 317 317 330 332 368 375 375 447 508 510 510 800 800
 317 332 317 365 365 448 508 800
 317 334 317 334 356 445 511 511 785
 317 335 317 317 317 335 367 367 368 449 512 512 800 800
 318 328 318 380 380 380 387 380 387 387 387 483 507 484 489 507 530 546
 318 326 326 379 379 412
 318 318 327 327 379 379 389 389 482 523 540 712 740 742 742
 318 318 328 379 379 389 389 481 527 539 712 740 741 741
 319 320 320 372 374 391 395 395 395 395 398
 319 325 319 513 325 364 374 374 513 513 513 577 577 578 747
 320 324 397 376 394 397 397 397 397 397 397 397 397 397 397 397
 320 327 320 320 320 320 336 320 340 342 342 342 345 342 348 342 342 353 363 398 398 398
 320 328 320 320 320 320 331 320 320 320 320 320 320 320 341 342 342 342 346 342 347 342 398 342 342 342 342 342 342 342 356 369 398 398 398 398 398
 320 329 398 320 320 333 364 371 387 398 398
 320 330 320 320 332 320 320 320 365 368 389 398 398 398 398 398 398
 320 334 320 370 386 398 398
 320 335 320 320 320 367 375 388 395 395 395 395 395 395 395 395 398 398
 320 337 366 390 398
 321 323 400 358 385 400 400 400 406 444
 322 325 322 325 327 325 325 339 348 348 358 358 359 419 505 505 524 524 561 571 614
 322 326 322 322 322 326 326 326 328 381 381 382 382 405 409 409 410 409 409 409 414 409 415 411 414 442 466 466 565
 323 326 323 359 383 383 385 385 407 416 416 450 477 477
 323 328 323 323 323 323 323 323 323 351 351 357 355 355 357 381 381 382 382 410 413 442 446 446 491 491 509
 323 330 323 367 389 401 449 508
 323 331 323 323 323 341 346 343 349 349 370 438 445 445 509
 323 332 323 323 323 368 389 389 402 402 447 448 448 508 510 510
 323 334 323 343 347 386 386 386 439 511 511
 323 335 323 323 323 365 388 375 388 388 396 396 401 447 449 512 512
 324 325 324 514 325 329 371 371 376 376 514 575 575 576 744
 325 352 352 745 745 745
 325 326 353 408 419 488
 325 325 325 336 325 327 336 353 363 366 366 378 378 505 505 561 572 573 574 574 715
 325 325 333 329 333 364 372 372 514 514 576 578 743
 325 337 337 515 363 515 515 515 573 746
 338 584 352 352 352 352 379 379 533 538 584 584 584 712 733 733 733 733 742 742
 338 339 339 354 354 356 354 354 363 363 424 426 427 426 427 524 524 524 570 524 546 547 628 771
 338 586 339 339 355 355 362 362 378 378 378 378 411 412 412 436 436 530 540 542 542 600 542 542 586 787 787
 338 339 602 339 351 351 361 361 377 377 377 377 410 413 431 539 596 601 629 629 786
 338 340 340 340 340 357 357 369 380 380 380 380 380 380 380 380 462 464 489 524 524 524 571 524 541 541 542 542 542 542 546 571 603
 338 344 344 344 344 359 359 376 376 376 376 383 383 383 383 417 440 537 585 585 595 600 623 639 639 662 662
 338 345 339 339 345 345 345 347 347 351 351 410 413 431 546 598 598 628 599 605 756
 338 587 345 345 345 345 353 636 353 355 355 365 365 531 540 545 550 587 759 759 762 766
 338 588 354 354 356 536 539 588 588 588 752 753 788
 338 589 355 362 362 527 528 528 589 749 772 772
 338 590 348 348 348 348 355 355 368 363 363 523 541 541 548 555 590 636 758 762 777
 338 343 343 358 358 358 363 358 363 381 381 419 419 426 426 517 523 531 545 549 606 660 660
 338 591 343 343 359 359 364 364 382 382 418 441 534 591 599 601 624 637 637 661 661
 338 593 347 347 355 355 365 365 369 527 531 543 554 554 593 637 637 760 761 770
 338 347 347 351 517 529 601 607 753 757
 338 341 341 357 369 357 379 379 379 379 528 528 532 532 588 588 588 588 597 597 597 597 601 604 701 701 702 702 719
 338 594 346 346 355 355 637 356 368 532 532 539 544 551 594 637 756 761 784
 338 349 349 349 349 359 359 378 378 378 378 381 381 412 412 418 519 528 532 528 532 540 592 592 600 608
 339 340 612 340 352 352 353 352 352 419 426 432 432 432 432 432 432 432 432 571 574 574 584 584 612 612 612 612 614 612 612 612 715
 339 341 339 341 613 353 379 353 357 357 379 379 379 412 412 426 418 426 538 598 571 571 598 640 640 713
 339 343 339 343 356 358 381 358 358 358 381 410 417 414 416 414 416 416 416 425 425 430 537 609 609 610
 339 339 343 343 359 359 368 382 382 421 422 422 437 437 441 598 598 622 602 638 638 652 652
 339 346 339 346 355 355 356 638 364 364 418 429 433 433 546 556 596 638 683 784
 339 347 339 347 355 371 355 369 371 371 371 417 428 435 435 530 553 553 595 638 638 683 782
 339 349 339 349 349 349 359 359 362 362 381 381 409 409 409 409 422 409 409 411 412 412 418 422 434 434 519 530 608
 340 341 384 614 340 384 384 384 384 384 614 640 690 690 692 692
 340 346 340 357 370 387 387 387 387 547 586 625 648 703 714
 340 347 340 391 357 375 391 391 391 391 391 548 590 627 649 708 716
 340 616 340 390 347 357 365 390 390 390 390 390 390 390 390 390 390 390 543 593 651 707 717
 340 348 352 352 366 635 561 573 631 635 635 635 715 737 737 737
 340 349 340 349 385 385 385 392 385 392 392 402 433 436 479 481 615 626
 341 345 345 357 371 371 386 386 386 386 386 386 537 585 622 648 704 704 722
 341 617 345 345 357 372 372 388 388 388 534 591 649 710 710 724
 341 618 348 348 357 366 366 389 389 549 592 651 705 705 721 721
 341 620 347 357 375 388 388 388 544 594 650 650 711 711 724
 341 347 357 365 386 386 386 386 386 386 545 587 624 646 706 706 722
 341 384 384 384 458 502 490 502 695 695 695
 341 621 346 357 370 389 389 536 589 646 709 709 723 723
 341 349 349 385 385 402 385 393 385 393 393 393 393 393 434 437 478 478 482 619 623
 343 400 344 344 400 400 400 400 400 403 400 400 401 403 403 403 436 456 437 440 454 454 679 679
 344 349 344 349 400 400 400 400 434 451 453 453 611
 345 346 345 347 348 348 350 350 463 475 475 628 640 703 751 751
 345 352 631 390 390 390 572 738 746 738 738 746
 345 345 346 354 354 365 366 366 579 581 592 593 798 801
 346 348 348 354 354 367 374 374 564 582 582 590 591 798 807
 346 347 354 354 365 370 551 581 587 589 799 799 802
 346 347 350 465 476 476 490 629 655 709
 346 354 367 583 583 594 799 808
 346 349 349 358 358 378 378 382 436 451 451 565 589 604 610
 347 348 348 354 371 354 370 371 556 563 585 586 797 797 803
 348 349 348 349 358 358 362 382 434 451 451 560 560 586 613 606
 350 352 350 354 352 354 352 352 357 464 473 473 473 473 570 584 584 699 699 700 699 699 699 699
 350 353 350 356 350 350 353 363 363 369 462 467 474 474 474 474 614 614 628 653 653 700 748 748 751 751
 350 360 350 361 360 377 373 377 463 475 475 641 655 655 702 753 753
 350 366 350 367 366 374 370 374 472 479 642 656 656 707 754
 350 369 350 356 466 469 477 477 477 477 491 502 502 629 654 654 655 677 677
 350 370 367 470 478 644 658 658 706 755
 350 350 372 366 366 372 370 375 468 479 643 657 657 708 754
 350 370 375 471 478 645 659 659 711 755
 351 352 351 355 352 355 630 352 352 352 352 352 352 357 357 516 516 529 516 516 517 529 533 552 630 700 718 718 720
 351 353 351 356 353 364 364 370 370 518 519 559 622 625 668 668 768 770 803
 351 351 362 353 353 378 362 369 378 378 378 519 557 779 521 521 557 557 557 603 605 613 767 771 779
 351 366 351 368 363 363 366 366 366 369 521 558 521 522 558 616 618 673 673 775 775 778 801
 351 369 351 370 356 368 370 519 520 559 621 624 672 672 782 783 783 802
 351 351 372 353 353 372 369 372 372 375 375 518 520 559 617 627 669 669 769 774 807
 351 362 362 369 519 557 557 604 607 781 781 788
 351 369 375 375 522 558 620 674 674 774 808
 352 357 352 384 384 384 384 384 384 538 584 584 689 689 689 689 689 689 690 690
 352 358 385 432 432 432 432 473 485 561
 352 359 352 385 385 426 474 480 486 480 486 572 631 631
 352 361 352 352 362 633 352 392 392 392 552 568 568 630 633 633 633 718 720
 352 363 352 380 380 473 474 473 488 488 524 524 573 612 612 612 612 612 612 612 612
 352 364 352 387 387 575 575 578 632 632 736 744 736 743
 352 371 352 372 391 391 391 576 578 632 634 634 739 747 739 739 747
 352 373 352 379 570 630 734 740
 352 374 387 577 577 632 735 743 735 735
 352 376 394 394 394 576 634 634 736 744
 352 378 380 480 485 571 635 635 635 635
 353 359 353 361 359 361 381 381 402 402 411 421 522 523 549 550 626 636 670 670
 354 360 354 362 360 378 373 378 565 569 569 586 592 786 796 796
 356 360 359 359 360 360 360 381 381 401 401 414 414 430 520 534 540 562 623 639 639 671 671
 357 361 362 380 380 380 393 380 393 393 393 393 393 482 501 501 530 586 602 647
 357 378 377 377 378 379 379 392 392 392 540 592 596 647 702 719
 358 360 358 360 367 382 396 396 437 456 566 566 587 617 663 663
 358 358 366 361 366 382 402 436 455 555 590 618 664 664
 358 370 402 358 377 377 382 434 456 562 594 621 665 665
 358 373 403 358 376 376 383 383 403 403 403 435 457 457 563 592 619 666 666
 358 358 374 373 374 382 396 396 433 455 564 593 620 667 667
 359 363 359 363 373 373 381 381 401 401 424 427 427 522 527 544 579 615 636 676 676
 359 369 359 377 377 377 377 381 381 402 402 411 429 520 536 539 580 580 619 639 639 675 675
 379 382 385 385 387 387 434 475 484 599
 379 383 383 385 385 394 394 394 394 394 394 435 475 483 595
 380 382 380 385 385 389 436 476 476 487 487 602
 381 381 383 383 383 383 400 400 400 400 400 400 400 400 417 428 431 443 611 677 677
 384 386 384 386 388 644 645 693 693 693
 384 384 384 390 384 391 386 388 386 390 390 391 390 642 643 694 694
 384 384 392 393 393 641 691 691
 404 407 404 407 407 407 438 439 463 469 469 482 504 504 504 504 532 536 532 537 563 753 753 786
 404 404 406 406 406 406 415 425 425 438 443 443 444 444 463 495 495 502 502 502 502 530 569 532 532 569 604
 404 404 405 408 408 408 408 408 408 408 408 418 424 438 439 465 465 467 505 505 505 505 545 581 605 628
 404 445 404 405 445 449 468 470 470 493 493 503 503 503 503 534 536 579 583 583 761 791
 404 404 405 445 445 449 471 471 472 500 500 506 506 506 506 544 549 551 564 762 792
 405 407 502 407 407 407 415 422 422 430 438 445 445 469 469 502 502 502 509 536 609 609 611 611 621
 405 453 406 406 406 406 453 454 454 482 495 604 495 504 504 504 504 509 608 610 621 786 787 787
 405 458 458 460 460 509 723
 406 408 406 407 408 407 408 408 440 441 487 487 508 514 514 514 514 617 622
 409 409 421 409 426 410 426 433 433 445 518 568 813
 409 420 409 425 409 418 420 420 423 420 425 451 451 451 451 453 542 542 569
 409 423 409 409 411 412 413 557 442 557 557 557 560 781
 409 409 430 409 418 427 423 427 445 525 525 569 772 772
 410 412 442 412 415 462 480 480 481 480 480 480 480 480 480 516 584 516 516 516 540 523 584 584 584 630 630 718 718 767
 410 416 412 416 412 429 416 416 431 431 435 435 437 437 439 450 450 520 585 585 595 812 812
 410 420 414 420 420 420 444 444 454 586 586 600 610
 410 426 426 431 439 517 518 528 544 528 572 572 587 587 591 591 593 593 760 813 813
 410 411 423 448 448 519 540 550 562 567 579 589 589 637 637 784 805
 410 445 412 520 588 534 588 588 594 588 594 785 812
 410 414 562 414 566 423 449 518 523 526 526 564 566 591 591 636 766 805
 410 411 423 448 448 521 521 527 551 555 567 580 580 592 592 636 773 777
 410 411 426 422 422 426 436 436 438 442 521 521 546 552 605 571 571 606 625
 410 418 438 442 519 539 540 588 588 588 589 588 589 597 597 597 597 610 621 780 780 786
 410 423 427 579 427 449 522 526 526 539 564 583 583 594 594 637 637 770 773
 411 413 415 446 446 463 484 491 484 491 529 529 540 538 552 560 560 714 767
 411 418 416 423 416 416 416 417 423 431 434 434 438 444 444 519 563 611 611 788 788
 411 413 415 446 446 465 465 487 487 565 723
 411 412 420 452 412 417 420 420 420 428 442 452 450 450 452 452 596 600 601 604 608 647 647
 411 425 425 429 439 440 450 450 456 456 530 534 562 609 609 610 662 662 671 671
 411 427 414 462 714 463 507 509 507 507 507
 411 419 419 421 455 455 540 548 568 568 572 626 572 606 660 660 670 670 762 766
 411 418 422 441 530 550 553 623
 411 424 430 441 556 608 565 569 569 579 608 661 661 671 671 791 805
 412 419 451 412 419 422 451 451 451 533 541 571 571 613
 412 453 417 537 597 540 597 597 597 646 646 785 787
 412 423 412 413 442 527 528 528 533 535 535 540 557 557 557 557 565 570 767 796 796 796 796
 412 424 412 414 422 414 565 422 423 439 442 530 546 567 599 608 648 648
 412 423 445 532 532 539 549 567 779 787
 413 419 419 572 439 443 443 529 529 543 545 547 572 599 613 653 653 751 751 767
 413 425 413 428 425 439 443 443 450 450 536 537 565 602 604 654 654 654 654 655 655
 413 421 438 447 549 555 558 558 580 580 581 620 659 659 659 659 664 664 792 807
 413 418 429 421 422 422 439 445 445 551 559 605 624 629 629 652 652 683
 413 424 438 449 544 554 554 558 558 579 582 582 618 656 656 667 667 792 801
 413 418 439 445 445 532 532 544 534 556 559 622 628 661 661 761 786
 413 430 438 449 534 550 559 562 583 583 621 658 658 658 658 663 663 791 802
 413 429 438 447 536 551 550 559 581 617 657 657 665 665 791 808 808
 415 418 438 445 445 467 481 486 486 486 486 486 486 486 486 547 549 614 614 625 660 660 720 789 789
 415 419 419 438 443 443 464 485 485 485 485 496 496 541 541 561 561 600 603 614 614 700 779 779
 415 421 439 447 471 471 482 500 500 545 562 620 645 645 645 645 670 670 724 805
 415 424 439 449 472 481 497 497 497 497 548 564 616 642 642 676 676 717 773
 415 429 439 447 468 481 494 494 494 494 543 555 627 643 643 675 675 716 773
 415 430 439 449 470 470 482 493 493 544 566 566 624 644 644 644 644 671 671 722 805
 415 428 444 444 450 450 463 719 483 483 492 492 540 563 596 641 641 677 677 677 677 788 788
 416 422 416 420 422 420 436 436 440 441 448 452 452 638 686
 417 426 426 435 435 440 533 576 576 585 585 601 617 624 636 649 649 769 793
 417 427 454 523 563 601 621 768
 418 419 419 574 538 574 574 574 613 614 614 721 742 742
 418 426 426 434 636 434 441 533 575 575 575 575 586 586 600 622 623 648 648 766 793
 418 423 439 442 523 525 525 527 528 536 528 601 608 646 646 757 767
 418 428 440 453 453 537 550 604 608 624 662 662 683 686 686 787 787 791
 419 424 419 573 570 573 603 653 653 758
 419 428 419 576 440 457 457 457 457 552 576 595 615 627 669 669 682 682 687 768 803
 419 429 419 441 455 455 552 578 578 596 616 625 668 668 682 682 687 769 807
 421 425 425 441 444 444 449 454 454 456 456 566 566 602 622 663 663 679 679 680 680 680 680 686 686
 421 430 424 429 463 511 468 509 511 511 511 628 655 655 683 684 684 684 684 722 802
 423 426 426 431 438 521 521 527 532 531 535 532 535 561 561 581 592 592 771 789 789
 424 428 440 454 454 555 563 606 607 607 666 666 672 672 685 685 687 793 814 814 814 814
 425 430 425 445 453 678 678 678 678
 431 432 432 432 432 432 432 432 432 443 516 516 531 516 516 543 631 631 631 631 748 789
 431 434 434 442 446 446 530 598 605 783
 431 436 446 436 442 446 517 527 533 552 592 592 600 601 607 607 768 786
 431 448 436 436 442 448 521 521 527 541 541 554 554 615 616 636 651 651 778 792
 431 434 639 434 442 448 448 519 532 532 540 550 623 624 639 646 646 782 791
 431 433 433 442 447 518 531 539 551 620 626 636 650 650 650 650 774 792
 431 437 437 442 447 522 523 531 555 619 627 639 639 649 649 769 791
 432 433 432 434 631 432 432 432 632 432 432 432 455 625 626 630 631 633 632 633 633 633 804
 432 435 432 432 634 432 457 627 630 634 634 634 806
 432 436 432 635 432 432 451 603 630 635 635 635 635 635 635 635 776
 433 436 434 437 475 475 479 509 640 641 683 803
 433 434 451 451 456 586 591 610 647 686 648 686 805
 434 436 586 592 608 814 814
 435 436 451 452 452 457 607 687
 436 437 451 451 455 590 592 606 647 651 687 793
 438 440 444 444 450 450 565 580 580 608 611 611 619 623 665 665 666 666 786 812 812
 438 439 441 446 446 551 553 553 604 605 622 608 610 672 672 802 812 812
 438 439 441 446 446 554 554 556 606 607 624 607 608 613 668 668 803 813 813
 442 451 443 451 528 528 597 604 597 597 597 600 752 796 796
 442 443 451 451 529 542 530 542 542 542 557 557 571 571 603
 443 446 456 443 446 447 456 544 545 617 619 621 623 669 669 672 672 755 755 805
 443 443 446 447 446 455 455 543 548 615 618 620 626 673 673 674 674 674 674 754 773
 443 450 450 457 457 540 595 619 675 675 753 788
 444 445 444 453 562 610 623 679 679 787 812
 455 456 641 642 685 685 727 727
 458 501 491 689 689 689 691 718
 458 504 458 492 495 504 691 691 695 695 695 695 695 695 719
 458 458 460 460 481 482 509 690 690 691 691 691 691 714 720
 458 505 459 459 459 460 459 489 492 496 505 692 692
 458 458 461 461 493 500 503 503 506 506 511 511 512 693 693 693 693 693 693 696 696 696 722 724
 458 458 461 461 493 500 494 494 497 497 511 512 511 694 694 696 696 696 716 717
 459 461 459 515 498 498 499 499 513 513 515 515 515 698
 460 461 460 461 468 472 470 471 696 696 696 698 698 698 698 726 726 728 728 729 730
 460 478 479 691 692 725
 461 697 697 697 697 697 697 698
 462 463 507 712 507 507 507 509 523 527 539 540 700 702 702 712 714 720 723 723
 462 715 467 474 474 474 474 479 479 518 521 519 521 522 715 720 750 762 801 804
 462 716 468 520 522 748 753 806 808
 462 472 526 526 567 717 750 761
 463 464 483 483 492 492 543 561 561 572 572 581 703 703 713 748 748 749 756 771
 463 464 484 484 491 491 540 552 565 570 701 701 714 749 752 752 780 780 781 781
 463 721 467 508 508 509 550 555 551 554 554 721 725 725 754 762 801 807
 463 722 468 509 511 511 511 511 534 549 536 544 726 726 726 726 751 751 753 753 761 803
 463 723 467 725 508 509 508 550 562 580 579 580 723 725 755 755 761 802 808 808
 463 724 472 509 512 512 551 564 579 583 583 728 728 728 728 754 761 801 808 808
 463 472 727 509 512 512 555 562 566 564 566 724 727 727 727 755 755 762 802 807
 464 467 488 488 488 488 488 489 488 488 488 541 541 547 573 573 574 574 574 574 700 715 715 748 748 758 771 775 775
 464 468 489 498 498 498 498 548 556 573 573 578 578 708 708 716 750 757 774 794 794
 464 472 489 499 499 499 499 547 573 573 577 577 577 577 582 582 707 707 717 750 760 770 795 795
 465 469 495 505 505 514 514 514 514 553 553 556 657 662 666 669 725
 465 471 500 505 505 515 515 515 515 515 515 515 515 515 515 515 515 515 515 515 515 547 548 653 660 673 676 729
 465 470 493 505 505 513 513 513 513 513 513 513 513 556 582 582 656 661 667 668 730
 466 469 477 478 477 477 477 478 492 504 504 519 520 662 665 666 675
 466 471 499 506 518 660 667
 466 470 498 503 525 526 661 676
 467 468 558 558 559 730 730 764 764 765 765
 467 472 729 729 764
 469 470 726 732 732 732 763
 469 471 559 728 731 731 731 763 763 765
 473 475 483 473 735 593 631 631 734 735 735 735 735 735 760
 473 484 473 736 475 592 630 734 736 757
 473 489 737 473 473 473 479 586 590 632 632 635 635 635 635 635 635 635 635 718 737 737 737 737 737 777 778
 474 475 507 474 743 475 508 507 636 637 637 712 724 717 743
 474 474 744 475 475 507 508 507 636 639 639 712 716 722 744
 474 745 745 745 746
 475 509 475 479 589 594 591 592 702 703 761 802
 476 478 476 501 505 505 586 590 664 670 705
 480 483 480 484 480 480 507 507 600 601 718 718 719 733 733 733 733 736 736 736 736
 481 483 483 491 491 509 530 538 568 552 568 596 602 607 607 629 629 641 641 768
 481 484 484 492 492 509 604 608 610 621 714 719 767 768 772 772 772 772 788 788
 481 485 489 485 485 485 496 496 603 613 618 625 715 715 720 771 776 776 790 787 787 790 790 790
 482 505 487 487 505 505 505 606 608 613 618 721
 483 485 484 485 510 510 620 626 740 743 743 778 784
 483 486 484 486 486 486 508 623 624 742 742 744 744 766 769
 483 488 508 484 488 488 488 615 616 741 741 743 743 770 774
 483 509 483 489 491 491 599 600 605 628 701 701 703 703 756 780 780 783 783 785 785
 483 484 485 485 510 510 619 627 740 744 744 777 782
 484 489 484 492 492 509 603 625 606 608 713 714 771 781 781 783 783 787 787
 485 488 486 614 715 745 745 745 745 745 745 745 745 745 745 745 745
 490 493 501 585 591 609 644 663 704
 490 500 501 645 648 649 652 671 710
 491 494 492 494 511 511 595 599 609 652 654 654 672 684 684 704 704
 491 496 492 510 510 657 665 669 675 709 709 725 782 784
 491 497 492 497 512 658 658 663 671 672 710 710 727 727 766 769
 491 492 496 510 510 659 659 664 670 674 674 705 705 725 777 778
 491 498 492 498 511 511 653 668 660 661 706 706 726 726 757 760
 491 499 492 499 512 656 667 673 676 711 711 728 728 770 774
 493 495 654 658 661 662 678 678 680 684 732 732 732
 494 496 498 668 673 730 794 795
 495 500 672 679 727 731 731 731 793
 496 499 497 653 656 729 750
 502 503 502 503 504 504 511 511 534 537 609 644 644 671 678 678 678 678 679 732 732 732 732 732 732
 502 506 502 504 506 504 512 617 622 645 645 652 663 679 680 680 731 731 731 731 731 731
 516 518 530 516 546 516 547 516 548 612 612 612 612 612 615 612 616 612 612 612 612 612 612 612 612 612 612 630 631 630 631 636 631 631 632 632 632 632 750
 516 521 541 516 542 541 542 612 612 612 612 635 635 635 635 635 635 635 635 790
 517 519 523 524 561 524 524 524 530 541 533 561 541 571 571 574 574 574 574 586 586 606 618 776 776
 517 522 524 524 524 573 524 542 542 548 573 590 590 810 810
 517 777 519 530 553 553 571 571 575 575 575 575 586 586 600 619 626 638 638 647 647 687
 517 520 546 556 571 571 578 578 590 590 601 620 627 638 638 649 649 687 778
 518 521 521 557 557 558 567 776 789 792 795 795
 519 522 519 520 525 525 557 559 557 557 557 567 771 773 786 791 793 794 794
 519 787 814
 521 790 811 811
 523 560 533 542 542 568 600 602 647 647 787
 524 525 524 575 530 535 556 575 592 592 615 639 794
 524 526 524 577 535 546 577 582 582 593 593 616 637 795
 527 531 542 535 541 535 542 541 546 542 543 542 547 567 571 571 573 573 603 651 651 790 790 790 790
 528 545 528 530 531 533 540 571 571 572 572 598 598 608 613 648 648 651 651 758
 529 541 558 541 548 573 573 748 750 776 778
 529 547 529 548 553 553 556 559 574 574 574 578 574 578 754 768 769 793 804 806 806
 530 549 555 560 560 602 608 608 613 619 623 652 652 670 670 687 793
 531 541 532 614 614 640 640 712 712 715 721 715 721
 531 546 539 581 598 618 625 775
 532 545 553 613 622 762 787 787 793
 534 538 572 572 578 578 599 622 642 642 661 661 710 710 710 710 717 719 724 769 793
 536 545 556 581 605 618 622 668 668 765 765 786 791 792 801 814 814 814 814
 537 538 572 572 576 576 595 617 643 643 662 662 704 704 704 704 716 719 722 766 793
 537 549 563 579 611 611 621 624 679 679 763 763 763 763 786 791 803 805 814 814 814 814
 538 549 561 561 573 573 600 614 618 614 660 660 705 705 705 705 713 715 715 740 740 758 776 776
 540 541 580 600 615 749 777 784
 540 547 562 565 599 608 615 676 676 761 766 767 772 772 772 773 772 805
 541 543 554 603 616 750 790 790 790 790 795 795
 543 547 551 581 605 616 625 673 673 764 764 773 789 789 792 804 811 811 811 811 811 811 811 811 811 811 811 811 811 811 811 811
 543 548 544 545 614 614 628 642 642 653 653 717 720 729 729 746 746 746 746 746 746 746 746 762 804
 550 552 572 572 574 574 574 574 605 608 615 616 766 767 789 789 801 804 813 813
 552 555 561 561 573 573 603 606 615 673 673 771 777 778 790 790 790 790 804 810 810 810 810
 560 561 561 568 626 664 664 776 776 777 787 810 810
 560 564 569 610 663 663 793 805 812 813
 561 563 561 570 576 576 595 627 657 657 666 666 757 777 782 794 794 797 797 797 797 806 806
 561 564 561 577 570 577 577 577 599 625 656 656 667 667 760 778 784 795 795 798 798 804
 563 564 609 629 658 658 661 665 668 670 680 680 685 763 763
 565 566 582 606 667 667 792 805 813 813
 568 569 570 596 655 655 752 752 757 781 785
 570 572 572 573 573 579 600 616 628 676 676 749 750 759 759 760 771 798 798
 581 583 582 628 656 656 761 764 764 801
 584 585 595 584 631 649 631 634 634 634 634 643 716 718 739 739 739 739 739 739 769
 584 586 596 584 630 633 633 633 633 641 647 714 718 736 736 736 736 768
 584 591 599 584 631 631 632 632 642 648 717 718 738 738 738 738 738 738 738 738 738 738 738 738 766
 584 592 600 584 631 640 631 635 635 635 635 635 651 635 635 635 713 734 737 734 737 737 737 737 737 758
 585 592 611 646 791 796 797
 586 593 587 589 605 648 651 792 796 798 805 796
 587 588 587 588 597 598 597 598 617 622 638 650 650 686 800
 587 594 590 593 628 640 642 702 707 724 807
 595 600 611 677 677 683 752 782 785 785 797 797
 596 599 610 625 626 665 665 685 685 686 686 766 768 773 788 788 802 814 814 814 814
 596 600 603 608 626 675 675 683 687 757 777 781 781 782 787 787 794 794
 602 606 618 619 664 664 681 681 681 681 687 814 814
 603 607 627 674 674 687 776 794 794 806 810 810 810 810
 604 605 613 620 617 669 669 686 686 687 786 792 793 807 812 812 813 813
 614 619 614 615 623 626 641 641 682 683 682 714 720 725 725 744 744 744 744 803 806 806
 614 620 614 616 624 627 643 643 682 682 683 716 720 730 730 747 747 747 747 804 807
 617 621 618 620 628 657 657 683 685 685 753 753 754 762 765 765 802 803
 625 629 627 652 659 659 660 664 673 675 681 681 681 681 682 765
 640 643 646 650 649 651 650 683 702 708 722 762
 642 643 644 645 684 684 691 691 694 696 696 696 727 727
 653 670 655 671 675 676 682 684 684 714 716 726 726 755
 653 657 669 672 673 674 674 682 685 765 804 806 806 809 809 809 809
 654 659 666 667 668 669 680 681 681 688 688 688 763
 655 656 663 664 667 665 685 688 688 688 688 688 688 755 765 803 807
 656 657 658 659 684 688 688 688 725 726 730 809 809
 660 662 679 666 676 677 677 682 685 755 763 763 768 769
 689 692 705 737 737
 689 694 689 704 710 738 738 738 739 738 739
 690 712 745 745 745 745 745 745
 690 690 692 692 692 692 713 715 715 721
 690 690 694 694 694 698 694 698 698 698 716 717 722 724 746 746 746 747 746 747
 692 694 692 698 698 698 698 706 711 707 708 729 730
 693 695 695 696 704 710 731 731 732 732
 693 694 696 697 697 697 697 697 697 697 697
 699 699 699 701 701 702 718 734 734 752 796
 699 703 699 707 735 735 735 737 735 737 737 737 738 738 738 738 798
 699 708 737 737 739 739 797
 700 701 701 723 741 741 749 752 752 767 780 780
 700 720 740 742 745 741 745 745 745 745 745 745 745 745 745 745 745 745 745 745 745 745 745 745 745 745 745 745 745
 700 703 703 714 715 715 725 725 743 743 743 743 750 754 766 770 777 784 804 807
 700 701 701 709 709 709 709 719 720 740 740 749 768 753 753 757 757 780 780 785 785 786
 700 707 707 729 715 717 715 729 746 746 746 746 746 746 746 746 748 751 748 750 751 756 759 758 760 759 801
 700 708 708 715 716 715 730 730 747 747 747 747 750 754 769 774 778 782 803 806 806
 701 706 701 708 706 706 706 708 713 716 722 758 759 759 762 769 782 785 785 791 800 800
 701 701 711 707 707 711 711 711 713 717 724 756 760 761 774 778 785 785 792 800 800
 703 707 728 728 764 764 798 799 799
 703 705 710 708 709 711 726 726 729 765
 704 705 706 709 730 763 763 765 797 798 797
 713 715 715 721 741 741 775 775 779 779 789 789 790 790 790 790
 714 717 727 727 728 728 773 802 804 805
 719 723 720 742 742 767 768 786 787 787
 721 722 723 730 730 791 792 801 803
 721 724 723 729 729 751 754 751 761 762
 725 727 728 729 754 755 809 809 809 809
 743 745 744 745 745 745 745 747 745
 748 749 752 760 761 770 785 785 789 799 799
 748 748 750 764 754 764 774 775 783 804
 749 750 756 758 762 767 770 773 778 779 779 784 787 787 790 790 790 790 792
 751 752 752 756 779 785
 751 754 764 764 801 802 807 808 808 809 809 809 809
 752 752 754 756 759 759 770 773 774 775 775 780 780 784 799 799 799 799 800 800 801 808 808
 752 755 752 755 758 760 766 774 777 780 780 783 783 798 798 800 800 802 805 807
 756 764 770 771 775 775 795 795 801 811 811 811 811 811 811 811 811
 757 758 765 765 768 771 776 776 778 782 783 783 793 794 794 803 804 814 814 814 814
 767 769 773 788 789 791 806 808 812 812
 770 772 771 772 780 781 780 784 785 802 813
 771 773 774 779 781 795 795 807 810 810 813
 779 780 780 782 784 785 787 788 788 803 812
